38300
1827580
54571
68249
1969
285570
1783515
1932
33899
1889
67581
1888
67304
2710756
629295
2014920
73044
67345
83291
1950
68278
2496836
2653200
47763
2548456
1915
67305
193462
83656
1413221
146923
2763006
1898
379067
29303
1535768
1912
116188
68210
1169025
2184053
68270
1038928
1885
33903
348043
1927
45398
2049881
1890
68570
2282738
1176198
362257
68214
1907
173860
42881
67267
66871
1893
1226757
1940
42684
68209
40318
35621
51201
285450
1977088
1901
66425
1904616
1355015
1905
80860
28894
2686304
53451
68223
665007
68246
2662397
1477431
2174846
1960
67296
1914
553510
1690221
68203
1616117
66892
1437453
1077946
68192
132473
2599401
58346
47716
36818
1967
66374
68280
188770
48665
68175
68202
1971
408015
1930
67351
1642299
67258
1929477
67260
1916
146922
75293
1935
33900
285473
1906
92644
1928
67381
2633591
2066
68173
1894
2643834
2126346
37928
235627
37921
156980
2211210
656366
1670
2647000
361575
85085
728066
121292
1275
446860
388357
2649579
71999
72000
1272
1049583
37927
2646595
1270
2620948
162496
37930
1933880
256701
1775880
37929
2627139
2632435
2634190
37931
43663
37923
43675
85336
172042
169480
2689056
396015
2047
2629769
2626589
1618207
556325
2634694
1646
2609290
162426
104336
273677
1072463
370764
82380
743009
2509458
904291
2614638
36805
2033
84292
2614639
57043
2541726
273678
69362
936337
1526412
300019
199592
589382
2639701
453304
2080742
2509455
2609250
110937
1671680
59737
33888
33887
145458
257496
2035
69373
2663824
1575
150026
684552
2615065
399736
28447
2626594
2632331
2079791
1784719
1935379
2621730
2714935
2714934
683042
2714933
2419774
2680006
2649013
670052
2220095
2626248
412690
2624265
150123
2635918
2618217
2627005
2750620
2642974
2419771
2621488
674079
2079792
2685235
2643261
279828
2641148
2645362
1619308
1655489
2623385
708131
1159327
2620175
1708
2566013
1711
11
2729175
2638618
2619021
2649176
545619
262209
53458
857417
2649294
2637926
1690220
443156
53358
2643346
2663846
2624466
1710
372663
139208
186189
2509459
2626399
2615080
1288636
2593973
767452
1758689
1078471
247333
2614124
33889
199591
1703
273384
358099
629680
1136497
2623841
556288
1331682
43669
2017485
2017484
1667168
1630135
472569
2626815
2483799
1274
2643059
571913
2649892
2648503
84757
2626367
60920
2645534
1133546
2649508
100225
1863
1276
2039
43674
2615069
433659
2518370
1643322
2712223
2558918
2518371
449461
419476
450734
200618
2045452
2589074
402297
1804624
2633570
2041
2079793
1736691
219314
2662028
642780
2045
546871
2621872
75385
2619695
546874
29405
630515
1285901
1332264
1610493
399497
2635419
2161816
556499
1744
119981
2608905
1749
1748
2057246
675864
2717326
2642922
2662260
33010
33011
1747
1750
2633994
182640
1544730
117157
1791
758802
1794
36814
117567
39691
370526
2636767
1249101
1772
36813
1286181
1771
1804
53462
46351
1286180
1810
216929
39692
212765
134601
39695
1800
258505
1792
39688
1766
1797
146017
444597
67081
28047
1431246
1793
56689
126673
1534349
319706
1799
319707
1534348
39694
85693
2487344
39687
110539
2642494
2249310
120793
39689
1552759
482462
1778
43348
1768
1775
77643
44010
1389713
459858
486698
169765
398694
110505
590652
1789
386911
2094119
29311
1781
133549
1769
2492438
1809
265949
36809
404941
83262
1578165
1774
1520670
29314
1788
1118379
875328
1069220
639313
192944
1829
37919
1830
43767
1828
99653
300028
38310
132919
103816
334542
1833
262776
191292
1500843
37326
2637762
135487
455432
37329
228602
1824
480035
37330
2382165
1823
2213200
37332
2624378
36808
191493
1230998
1725
38305
1032851
225326
2079535
575200
349751
89154
1223514
38302
1727
2080740
441500
1121358
191610
1737425
2594913
38289
1404244
1072256
169292
401472
39791
43771
38288
1050174
136857
146827
187491
156978
1724
1231000
43768
152794
38304
161896
161879
43770
2079234
203263
160386
28028
65058
156976
1717
258224
43990
38301
1862358
2488819
2506452
1697
42817
38290
2684406
1705
571915
35757
1718
1471400
1979527
161895
161899
1408191
2719119
2080757
43769
1721
1652495
1719
43765
2055
2657482
84595
2420509
1136941
1004901
2054
36822
84096
1292359
57704
2061
2617939
546160
139021
499555
2645312
286802
1528099
2617518
47858
1877
47853
1914461
47875
47857
307121
47865
285665
47872
1003110
356852
356851
299152
1881
709883
261654
291594
299146
2294034
479978
47850
2626549
196914
1867
1866
113562
624315
1076124
2631981
227318
168697
168695
2630859
2619320
2736640
240495
2074
2618356
33910
1814
1804986
129921
31958
208439
2593673
103733
103731
1836
2665642
60894
333966
2646250
1586287
632569
40988
1852
40989
40990
75294
1470176
340345
1612552
2644606
42197
40567
211114
860235
43357
2636053
530584
1861
138336
477641
2626254
46165
2020
2593643
2656914
93944
2001
2632669
2006
2014
53437
280236
2635841
2021
2632575
298654
2716812
1859
106370
2609248
111015
52771
2560010
675090
2057800
52774
2057743
1656
1960083
2321394
1655
2737173
1659
544580
1852377
1282737
2623556
1660
2691889
52773
181487
2630174
312285
1661
178339
2692119
2609299
2631020
1302235
28264
2051
59505
1912795
82135
2624397
419479
53461
2618968
1090615
1681
216816
1694
28025
77635
35760
158787
78448
1603886
1685
638619
33905
1689
1684
1680
1683
1765219
28026
1686
1691
762210
1687
2020965
78258
2702
2792978
78259
304895
131568
283811
1891644
2629395
414996
28049
1884913
1884904
1884905
1884907
1884914
1884634
1884916
2637691
49319
42256
2051957
496014
191495
2627773
2789776
467094
53635
2649358
1670830
1670831
2648737
84112
1335613
471189
446660
2636013
1870985
1531429
84110
79604
84163
1944646
2638792
1805478
133926
604330
1871022
2003188
1382
74426
33871
1404
1402861
412384
86664
185979
86661
653685
450367
561879
1792192
189381
1397
1670641
1547283
38875
33932
1742359
1408
1471
1441095
324767
79883
46224
1664069
1479
1783501
218284
632773
1476025
1413
1925021
2675274
152268
386490
665099
859143
79880
79885
86665
199441
300825
2598861
1478
228899
421767
1407
264697
2636778
2086577
1421
28031
1145276
129338
1422
1921421
1505648
2642459
33940
279826
129985
1740721
1193713
1215031
182710
2052660
746691
2620237
2017483
163877
1482
302167
2698411
2502791
2099786
2639704
247480
294699
33934
255247
1221500
35841
1570
402384
45668
1398
2614679
1472767
2636913
2283160
2636677
2651280
1230341
2594883
33936
1532552
1295642
1426
1467
2625209
2213194
2628296
1449
185978
61624
248903
528191
2704462
562959
1406
44251
2704463
49283
1870820
1401
1126833
169760
375489
79263
162209
1473112
159743
160799
365617
128574
2509456
2495582
189426
1712516
1338368
1178515
44250
198119
414771
683737
1462996
1616788
1619311
1464
172713
1778678
2044880
2707005
253703
1763538
682956
59893
189425
2684853
51101
1393
54911
1465
377615
2636738
2674991
2507935
2583377
55079
1471761
714067
1380685
2026
2490858
37482
405212
471514
2622400
1903704
1214604
2055160
33943
2677223
2662419
200991
1499687
1038856
161360
414778
1215089
1302659
1176255
192421
1598147
76853
2637870
2647733
1571
298596
459472
51173
367743
417367
1650
2644826
1508404
2617942
241244
1280
91994
1283
46126
45972
2815305
2044912
985762
46127
29380
28035
1294
1282
1284
29378
1281
2781774
308354
214473
170573
70255
61015
1290
1295
29384
1296
1461582
407035
69966
1855823
1817405
33986
1378
1639
1641
2642072
1638
1642
1006155
2756
269673
1584
2620435
2269374
147802
267818
1580
267363
637971
2292255
1613
35787
97478
1598
1633
104955
47715
1582
1597
57037
88233
1583
155866
137591
2506420
1162633
1589
1590
60520
1244
1245
33968
136609
304207
1624
1601
1622
1623
240427
176292
1599
60519
28038
164393
1581
1588
33962
152331
1610
375175
1607
1602
938155
1074467
1847728
1618
82688
231049
1670797
51663
51664
1614
1303590
1603
1247
119603
2608887
82348
1303
315405
113107
45634
1335
1326
1307
1302
1305
1314
2173853
361101
1304
1313
1308
1348
1345
1329
1341
1363
2643510
1366
1351
1352
1354
33945
118060
44008
53345
160453
417368
1805431
2005703
2608891
2714947
2648499
633807
33970
526944
257487
2751
147709
1868794
1868793
2496265
2621505
29394
2632303
119206
1376
87541
128944
46125
73918
1297617
2086584
2610894
2060094
86331
178898
1981510
853
2629304
351091
2643836
292800
253239
1677857
1515
288965
1550024
84032
1796620
1160721
1161942
1264
2488810
1521
1510
2093857
2614128
1520
1513
1502
1491
1216932
1492
1493
1501
94869
36845
84022
1542
29341
46867
1488
238834
182773
36745
1561
1538
1534
1716543
394958
217159
461876
208226
154046
1424294
2638829
2619470
2629145
116090
1498
2633479
433286
2696063
2642604
1871021
89153
29347
66219
2608895
29370
84030
33035
2648079
40520
105841
649756
1229621
208479
1679721
28446
301301
166486
185007
29360
116085
410072
2684943
39488
185008
831
617123
33038
39485
471827
102134
1565
1564
59610
1833852
339862
1563
885581
79209
36854
49338
233055
142877
863643
58138
1712410
51197
55583
51515
2734
2649046
626937
35701
356322
29322
1736
53442
33952
2638182
2619948
1507512
1115758
2626894
1490
1505
1496
1731
1511
89152
86170
863
2293317
2173034
44260
42837
85874
1754
161154
911092
129958
1517
47490
1222016
2622462
252966
184064
2331
656519
2640322
31909
1323375
42422
2316383
499229
291990
2751313
375929
2637378
69823
971
437897
865
365349
2629460
2377
1930071
907
2144175
248315
2161821
905
187327
33025
2639160
1555112
1547
1522
1702221
2624170
1514105
225084
2485784
2487118
2583452
2704656
39483
154288
54006
54005
1852373
1870984
1287640
1260
33033
2638726
1278232
1582259
45497
1556
1852374
1871025
2623546
1768108
309887
502394
1211322
2202254
317577
432329
980427
1309411
68909
1182571
1299
55148
310783
1182568
274
2619321
56956
271
56957
37636
456163
2483360
187137
52022
172827
277
186192
332249
2626047
32046
33070
2627006
59930
2622553
146786
292566
2650499
1184
2619029
1209493
1219
2640012
155978
1173032
2593292
2593658
92942
264686
1306274
446679
224012
272131
374162
1165
142864
1164
2619626
938406
1973486
32054
2618749
1397703
109266
156213
289435
1166
136073
747548
70799
2676603
1197
494603
2649714
63132
1492710
44471
35823
54304
2596745
1158
1155738
2023214
43988
241421
1125
669357
102231
268175
28070
92682
1453359
2546365
102234
33071
102116
2642663
54308
54299
1188228
1228987
85002
500
120961
1107
2601677
1806508
167964
2635759
913107
1986204
133453
552811
1839801
1536648
61435
525904
2509675
1005039
454171
86660
2683645
656088
2116
2104
2099
2100
50052
2096
29501
28227
2123
171282
2112
171279
29553
29556
2094
53558
2130
42094
216934
2637901
216931
47835
215578
2151
33926
29552
858422
1223566
1404888
1325100
1325102
288000
2057741
114615
1197460
115808
1325120
1325114
2715960
1325111
1325112
376
319017
2493093
2599819
2599805
1404649
190148
1274631
1437360
1355477
722472
83637
1245469
255045
1404367
476282
1549949
1325090
1325107
83627
1325115
858423
1404864
1325095
1404768
244734
931866
1275962
2599640
2020412
1867715
2015316
1842539
1792307
1526658
316055
316056
316058
652103
395960
323097
323098
2592814
2592817
2592815
2592816
943830
1882747
504832
1333996
2613769
384
29449
348824
1312183
396
379684
1138194
293958
56730
398
1138189
1368430
1138190
451876
240521
1335061
2583231
1538158
2267833
648995
1538159
2081791
448181
1183400
373
2632611
359
160699
28099
1183412
399
2629175
1125847
382
663276
2613772
110321
194963
106592
375549
2633371
1752398
716925
879274
2715959
2795690
2341112
1969821
1273132
34020
658172
2493680
675281
2584466
2777475
2108445
2493675
2082387
2493676
2493673
2744521
2493668
2744518
2493672
2654248
2493669
2493679
2654249
2493677
2483404
2744523
2493678
2493671
2493681
2744516
2744522
1854057
2483403
2493674
2744517
2493670
278153
2744515
2744519
2744520
2483402
1670800
1082933
935548
935546
754035
682633
278148
536019
1777866
266835
763057
2725666
374606
2774562
2666139
83263
2599600
1756988
1852022
1620421
411684
266779
1867719
2718938
2742145
2712698
2305987
1882682
2807101
2082949
2651334
426117
2202828
2603276
2202826
925818
2067957
1479019
739141
460265
270351
2202825
269660
908290
2051553
1775910
2202827
426355
418223
693986
441620
272630
419610
440085
29429
1736675
2801335
2657486
2774137
2083786
2499144
2664417
2759954
400770
674703
444923
1029756
582899
670307
717785
1079
2233851
1384459
2170729
1447062
2742204
2820278
648757
531813
1335043
1608628
1219035
454601
331696
2562284
2709380
639283
1850374
1745854
2528964
438753
2789216
1349819
2758041
2816454
1638161
1701758
686597
1486262
1122214
2583532
1235591
2712222
1482074
573658
173366
655015
134
391905
187303
595536
2699395
538381
1881061
2021862
2587861
2590016
1674922
2587854
244592
187304
1402210
911045
1702325
444444
395965
227605
569860
31994
94625
2632610
271865
529
419475
571256
1218315
29459
235
444163
239106
402881
1712261
1458461
2304600
1798205
2528642
1686310
2759660
1933911
33047
38323
1094491
687861
1094489
2267275
634504
85701
2764186
2714944
2714943
2714942
1327635
2681549
1938607
2653203
2698679
2735134
745310
2219696
2492837
1523415
2711156
2596913
2599297
1517554
1030157
2565555
2759526
1390395
1517551
1961362
2319844
304378
1628059
1381597
386874
1176646
1045317
363835
2071607
2594473
653931
392499
1123269
93064
1549858
1560345
1609977
1813879
424800
13689
2698828
621456
627192
1315974
1843368
1855519
2789327
2082188
2072936
2676077
407020
2733867
484429
2565554
520734
2185111
452662
13690
690566
120107
135719
1332080
1673076
76947
1208342
1054037
56193
1357916
2565556
292913
2486273
1914525
1874061
1866325
1913578
33050
2054227
1515612
2448440
317655
267128
2675225
2571749
1609758
1016987
2780074
702113
164608
158500
279238
1176536
1088721
941907
2762748
2711215
2026624
2724527
1850238
2584094
2077182
1806885
2725558
392610
1842535
1550728
1921510
1634516
2762729
2806553
120044
120045
2633097
39960
2739433
1112
2182384
2683265
2060312
2067415
2604537
2185142
1267766
361183
476157
692370
2338327
1982042
2055955
1532023
192812
266951
450378
2798724
1348774
645517
502682
1648404
543877
1892855
2771430
335406
2759707
2775420
2233999
192
652764
664962
709810
2202148
137722
862719
528244
1226968
286727
682998
1064539
2602016
2602015
1663591
1639348
431944
342108
414684
1085
2594003
1110502
2220096
1441467
111831
2048283
2785908
2785911
1891279
1123366
1612173
1150469
1288970
1549855
1193729
1401328
2768161
2768162
2018065
257708
207340
94
2771361
1296990
265959
265960
714995
65958
33995
634177
215221
926570
349163
1484109
435
1076596
431306
2592655
481146
481145
104102
146474
65959
446692
2500548
1969806
272568
364410
1288313
290633
318683
574987
257438
320497
2558360
153496
1231624
661191
1510841
2558361
2697033
2762277
2630218
2560057
2589076
2760307
2500532
1529068
2812658
1545044
82367
147645
1077935
2560053
2065379
2259340
34004
1945662
266
1367847
135740
1499308
135742
2033869
1850250
272942
1075
1917485
2587855
1968541
2070369
1389004
1389005
664426
1389011
2785912
1402135
83219
60137
992186
349101
557760
1229727
311180
1792508
2587847
2587846
2587850
391613
540747
2494550
215743
2579971
1208324
1411902
1758178
875171
1397108
308754
1564506
35806
991905
1826607
1396826
2508307
2508306
999552
2789856
60890
221822
1580596
1844006
681157
1549850
1915078
2587852
2588299
2588711
2009329
1335048
246200
292414
2587853
2293862
988812
1250539
2494374
398580
1267768
561184
1891787
2434
391595
2715211
92945
92947
2602067
391616
391626
1458307
195105
1609966
2169400
1537215
2613965
2587163
1294273
1265309
2017482
564137
74033
245188
2587842
290400
2552942
299262
1591409
2599296
53501
441209
2171755
1715691
2500533
1920883
1579316
2483033
666509
366602
69665
155892
88688
2010972
69666
1679497
2708539
69395
2774190
2591463
2561924
2774189
2800818
1938605
2752515
2579977
1827469
2813778
2560058
2562582
1532555
588932
633149
74329
293
41276
1325724
450851
2201350
2686094
573065
1940610
1868589
2570229
349215
856793
488538
2029849
394221
1434191
2749086
1873716
1906738
2016196
582402
2640676
955
1248439
574556
770
949
434131
1286528
944
114277
114292
114295
1129742
784
2601646
2115978
2486578
1802984
2163644
2582913
2043170
314260
2066024
2601575
86106
2601668
91604
1414854
156889
1977864
2268451
335992
2563896
2161677
1034889
662548
207745
434008
434009
2681552
1795631
2762322
2762323
434014
282217
2774875
2811425
2126319
543728
595537
1246301
436515
795665
2716225
2651974
2806262
1842537
434010
2184519
2565558
1763535
47421
358220
2518343
1842533
2714923
2478662
1858609
232721
80870
2743470
1926868
553814
397945
80868
535289
365046
296591
1840265
1840293
1840297
365044
37448
2741720
2752316
2822760
2509614
1842727
1484693
338969
81479
2597701
1232667
1392005
1082851
225991
363952
160825
1562974
225992
2714924
2714925
2792224
2735554
1715720
1288495
1546149
80866
742013
1920191
180282
558537
215580
2714952
2816950
1658672
2109914
596154
596153
1458426
1458425
2109913
80880
391735
2116657
2109915
1678128
1678129
1844971
946483
87883
95486
292
101571
482957
488447
95485
179879
1503054
1503055
152480
60550
488731
60552
488729
488732
1207504
488446
2571746
758782
640512
1740163
1855726
2217913
1637853
1637869
2811788
1637862
758796
1795043
1097668
2811789
1795874
1705310
1179675
416344
2732364
28450
57975
342113
1385592
1385591
1636423
1637837
13373
1637831
1637841
430531
32009
999541
41899
626418
977880
82633
1042878
68895
96344
151783
119219
264198
1040979
1267562
1796606
1389192
2771360
876364
367825
2547399
1926494
2735433
2604047
2735434
2026199
1323664
2571747
92647
2571748
391038
754502
2654982
1417228
398527
60548
169427
420953
134537
1229205
311231
134536
1761016
266265
2211211
311230
169430
265293
859655
1394180
859656
859657
402626
428406
190721
105219
1310165
1416914
445709
93221
93219
656179
656178
2518599
93218
93222
1891094
573737
2814653
2705547
2705548
758793
47671
2594795
882378
452638
2527775
556054
1743174
1743162
576611
556053
1743168
2732163
1553431
2651972
2268024
1707785
1678028
1593482
2769491
2765360
2709303
2709302
1141883
871742
945844
321985
864828
321983
2045208
321984
2072590
757424
2014887
1262470
92645
863372
1235827
1078773
2025949
2497863
1644131
1938606
375286
2808899
1537274
1236179
1349767
368607
29581
2590869
2728021
2728020
1005048
279058
279113
2601898
2058624
2058625
401471
1809410
2807626
847
762376
1167634
217203
1881016
1758194
2282475
32002
217204
1353889
1353891
463040
1697043
1746199
463025
1416803
463014
94624
1416806
123899
103855
1208658
1331258
35814
521
463024
520
1208660
2488560
1940612
1437824
1851544
511
2813780
323284
1007105
2716226
2028345
1036672
1247726
206506
2163011
90245
90244
1072685
29575
643674
2652177
946333
2753607
2082386
420662
983917
1050370
75379
426114
395495
1658665
639200
2697032
1296669
76731
392593
1768242
2494234
2584944
40545
1796652
44574
261292
153948
228410
44577
335283
1444684
323848
1266925
1288494
2732067
2732487
1981880
311182
1842540
1223802
157592
292415
1914471
171865
1985873
2675298
2715678
1163617
580332
1188319
2559597
395494
265072
582744
887061
1662285
2588534
2588536
1581557
1581680
2588535
583345
666681
748247
2016596
356837
198107
2027405
418699
2067960
41977
85643
2005884
1134435
96773
2184083
44139
76116
76114
76115
404405
640081
1765049
2811415
1735038
1565605
2231055
2654218
159087
1751046
2641838
1108595
536
2202141
2605945
1778675
394935
235634
537
1906741
1009682
748280
1537400
332411
1590041
519081
57480
1192162
557598
1938604
1737446
2739434
2739061
655307
641148
1853276
2709396
267212
194197
607712
28091
1853278
1815583
88719
135720
662598
489653
490
492
640030
493
28449
485
326522
607711
2666100
489
488
484
326523
2290923
682798
63
96942
502
505
504
539
2528037
153493
194196
641147
1196094
522306
2591109
33056
1208921
1208920
1576550
2661583
453783
2290922
2762611
2781021
2781024
2781022
2714936
2781023
2763317
69
2795387
1605891
435897
1324796
84531
2591633
2698682
262324
40324
2072413
2072414
2072405
2072412
2072406
2072407
2072408
2072409
1904944
2770322
2691571
2742129
2040586
2303750
2005046
1827305
2282124
2682487
216778
128780
2045451
83617
149696
359385
340
92826
152263
134875
487909
2724122
2724121
2724123
2775162
2776703
56458
56464
29447
64187
129394
346
925775
56455
56453
487904
2754056
48664
69929
195709
56459
1219375
1982678
1101443
2259622
92828
207721
359387
128785
743721
1045855
2799326
1896164
2508168
2761107
2799325
1176533
2006110
2565782
2202149
2771436
2714945
215691
1463158
370777
2511995
1444770
1401256
666685
2778082
582702
445710
2763498
2501295
1217721
1849581
1300342
2589080
1440763
2010829
2021234
767434
2731681
2725477
2614442
2320867
1930532
1755504
1573718
2811422
2653853
2054914
1881017
658630
1028989
1294143
1856685
1736226
2748080
1649877
2729423
2724470
1534110
143813
2073078
1931241
2049589
2498848
2706126
2518644
1259844
2726989
2749999
1573704
2726956
2320270
2045200
1981174
2735906
2730847
118613
2213057
2052956
2054919
658644
2774873
2804761
1283291
1573719
1207075
1855380
2590776
2018067
2201356
2730848
2662033
1898684
2219057
2762896
1573712
1573720
1611770
253237
1827300
2479392
1855331
2774459
2025658
2126069
2823875
2559074
1500687
76885
1573711
658629
2587845
2662034
1702250
2730851
2169583
1886807
2664899
1173273
676210
1500686
2083055
2083052
1761895
2005388
2812000
2054915
1636610
69328
147212
2083054
658643
658632
1173270
2749807
2654238
1173283
2651048
1173284
306
2605424
2604941
2597770
1758730
2067572
2587597
2069256
1173288
1338689
2083051
43263
287
300
53412
627141
1232139
53408
294
380021
76758
47878
47883
183795
47879
200451
200450
78543
76760
651740
129817
169669
46679
29442
75612
75588
76761
303
47885
47880
76759
70775
2217867
78327
578833
74829
271420
47886
587753
86185
296
251695
33069
1190415
36746
53409
251698
50340
46257
251701
2775504
237610
1392877
319939
384676
1301098
157782
1245526
2604832
1499686
43306
86264
157783
216142
237609
487184
2599595
198618
198620
104087
472181
244566
95300
437900
191390
1395516
364197
553151
1421430
359110
515393
395598
1148509
797277
47884
321846
86265
702115
1691904
2774461
2505979
1434072
554344
46677
2502979
741155
219572
2565368
1853130
122355
1628086
158627
2774460
1306993
53407
163011
1274359
1785145
2681983
1788301
1615674
1583341
470150
2219225
353
69964
354
1510150
2213226
2785331
1697053
1879049
2714110
2563897
2798861
2725684
1758189
2743575
1407071
1608473
1808001
470
1785128
471
48296
756892
1789224
2715163
29430
106648
70348
1197884
40216
108980
108981
62977
2006115
2004650
40215
28090
436717
2772254
1720344
1699624
56811
259536
256326
45610
330922
34062
480
34061
386891
478
2283318
550
61645
158836
69218
1812935
299767
2494701
208224
2071710
2757714
2596949
2724468
1914861
1560339
399742
2742619
2742676
2742639
2500132
1827481
1868135
1166130
2565914
2705458
2478464
885040
881260
39831
72407
2681387
2675726
2015795
571
548
1463165
1134687
2489010
244366
2058152
2153354
546
67827
57706
2816438
2742624
1573676
2781952
2742662
2742675
2742627
2742667
1261127
637910
2562449
545
67824
1748967
2653932
1138308
1074000
1073999
413503
413498
1906275
1159613
2714951
2815358
2681307
2681308
2282309
83655
2725560
2492396
2067958
1300165
551989
283686
1235834
1646340
59201
59202
59208
59205
54736
575
577
54291
1259973
562
564
208962
1499973
2044467
61647
701347
158822
158823
2545798
61646
69220
2153385
2774055
61648
51288
1851514
566
158877
146507
472825
1906661
1682492
1906659
2479367
82977
1972431
395631
1756993
565
563
2579935
2675792
2675783
2675772
1048758
623
273526
1334564
671990
2597702
2420306
2448483
104623
2773264
2724469
2033438
488142
2482769
2447890
1327989
1154756
618
47917
61652
28151
2741499
82995
614
138074
300181
61651
137545
458197
630
632
633
28152
29485
935293
29484
29486
263819
2607663
1453495
349967
745277
1805933
2703885
2126321
929813
41202
1646377
1441930
592316
1484158
2575375
2052056
2490851
2787629
2768165
59814
712898
1123863
549
55209
1076550
66271
1891675
1235990
470933
55211
2681984
2547962
215689
465817
1619313
1922217
634500
552
79967
665914
665913
1458355
1615494
2315800
118110
1921549
261318
118117
118103
2518976
1241865
82987
53336
1223569
1223571
204040
1224149
204039
69223
1427366
1223567
1224146
1224147
568768
568766
2037915
1778540
1089444
555
2042057
180957
2108399
78398
1175631
1905730
29471
2488639
1109412
2722756
55213
1082704
1172565
584
585
626774
587
126385
333962
158850
1141660
333965
1354304
406818
351671
628
351679
582
230089
291112
141679
235559
638
636
93378
67780
1263550
1453496
546367
1848580
82983
1239307
2342
1929246
158841
2498113
82985
2172103
703
713585
1255043
396588
396595
106634
1765967
2792603
2819280
2666185
1335757
1260251
187272
349124
1052
2740807
421628
1442136
1166950
765912
765910
572477
765911
316276
472759
1814290
323261
105559
2699430
1763998
2498451
1630141
553981
1579979
2771012
2795687
585455
1972068
47960
1192854
1811807
1860122
555778
1548547
2773308
2587844
2306583
2497861
2733488
1883416
2587849
1609967
2733487
2730360
2562282
2785909
2136172
2749040
1504981
2733484
1118153
1666906
2014541
1346287
1761789
1250400
1971364
475662
768066
1897729
1081866
507626
1178482
29570
115561
29571
2609667
664683
74661
2686360
2609415
2661553
1055101
28258
1771309
376489
290398
657387
698828
157779
1883414
33074
2014542
1113728
391936
930169
1094342
1917421
1821621
48076
2668067
400668
2071621
383750
2773454
717774
178399
1441457
1031538
1572645
1249553
2614693
1278309
187493
2161747
1336806
1445510
349521
1628392
2683272
418701
523791
1144748
1561924
141451
570277
2304594
2488665
2769486
1749259
2547598
1761794
490759
1415568
1671721
2603215
418719
1420917
351348
1163748
1874317
225937
330734
2267264
2358187
1714845
1004785
1004787
314275
589873
1858656
2259620
2489595
2572577
2785918
2303538
914153
2686358
2686359
197222
1129794
1526571
2183582
1740262
2172099
680279
2814295
2814294
2590015
60481
2029986
2814293
2803864
2589987
2593655
94122
2814292
2698686
2593656
60480
2059264
1930557
260364
323850
1173586
38313
1965282
24
62322
43661
256839
326297
211586
318161
1028752
558541
458817
425104
2588449
238836
150120
398579
225848
225849
637905
2520507
342950
2744479
1709477
116092
1390185
1514074
2587843
234831
1720343
43658
1117319
227
43657
43662
1348114
882626
1315306
151081
342610
339617
314281
1314866
1315282
1315283
161398
2820710
1266052
550540
2724191
2100422
2055892
135577
1096243
1940690
1816218
2161872
58049
1816219
2497879
2689569
167879
2552945
1202962
357804
314282
654
1354302
1448139
196023
1208104
652
218936
648
2033032
2033033
1636607
1636608
1636609
2560029
1758179
2560028
73010
196024
96473
650
948519
656
347534
511062
2047966
595494
1416627
1903694
83771
2812648
2681310
243233
2785785
2812647
107637
1727196
2608981
1538553
857087
702114
1432792
686340
2049332
1808979
1704499
95641
1091494
1987723
454662
1945512
2303332
155077
377629
2731755
2731756
1117647
203122
1737490
2681547
2745199
1516059
2591606
359370
2587856
1769779
252514
48074
260552
930805
930806
2601894
2708301
314285
2794344
1620392
1470434
716816
465721
2303331
2698684
1675686
1620215
1281578
670
680
2315253
663
691
55601
1246305
29494
676
666
29498
300876
1435069
1481663
28173
553239
29495
2479546
675
674
1891186
2572923
1074311
673372
2714948
2662262
2587865
190893
1671868
265668
687
2587862
28172
1918945
45658
1763883
1381081
76258
1481923
170673
693153
689
170679
1191300
658445
38293
320778
298386
1908198
673
312309
40269
1755811
1810504
2708020
2662448
2755562
2746060
91891
91890
45065
450
454
1212491
1268635
1867846
66969
45067
45056
452
28087
28084
28082
449
451
254247
254246
777
2054173
676208
2211106
2739063
2580412
2267253
754477
754476
317025
265883
28885
717773
1803865
717772
1238
1198232
385025
2675054
2675053
1032
2735563
111769
288004
2589986
622488
1085644
1543721
1076588
1249552
2738883
2291597
2738852
413404
1303921
2732587
1705394
2508687
1971485
2652803
1248727
2183911
714
2820817
732
339671
2774188
754345
718
51161
75985
111844
1434215
738
44283
97481
727
729
697331
109472
1005058
762
1032623
2718
870
1635327
1267021
39643
50
1882917
1649470
1055688
1524217
47
42
40
44
32
83461
224458
161492
1524214
162027
2627627
35554
225194
345632
28232
60035
351604
313985
1203471
483547
2614637
1603606
29543
29542
1842532
19
881
370038
345370
2593640
63561
876
879
44742
296842
901
184917
241368
58180
1725232
1716143
641491
182210
2678688
2661612
57320
879567
873
2773299
880
191026
29546
132132
899
45663
571177
83564
947919
897
181663
218208
45655
45656
2291
2293
2296
28223
894
1986146
1909699
427923
2622240
65555
84980
2292766
1548548
119484
361111
316277
60893
2358
453230
1621989
84405
824
199
204
203
200
2593542
827
201
1448857
1780362
497724
1813019
449520
195
76517
2561898
206
198
202
2321111
2321114
28196
2321115
2321113
366522
2618290
65553
66821
194424
210
29419
32025
37372
2593540
157268
217
35817
35818
76936
844
269261
2646778
206403
2740515
2623549
202747
1176482
2740405
148813
244787
291048
2624044
2706014
637389
990288
743299
637390
243159
1232575
765869
1069642
2231053
2748865
2220073
1184267
960
862908
2109558
1915309
297
1921087
1921086
114
1210884
2622970
2528023
2774151
2598579
692036
2527974
406548
1387353
466153
128
2528024
2650471
2528009
2528022
2527972
1400387
2528021
2528010
2527979
2795974
2527990
2528017
125
2639138
2527984
980254
980251
265606
2527968
1331910
2648843
2527983
2527978
2605989
122
2527971
2527976
2527973
2608982
2527964
2527989
2528026
2527995
119
2527996
1891926
2528019
120
2528027
2528007
2527994
2807512
547188
2528020
1941349
1940790
1851148
1936003
174633
2649488
107709
1838286
2576891
1796921
395922
2711230
2625155
2736
2728835
239935
1679444
2730359
2796139
1704307
2628272
511746
431057
1307763
83552
2643326
389348
362787
83561
71667
810
1930593
89966
323449
1379908
299566
1649474
107
120831
105
455076
861914
978
2676247
2173039
319458
1433993
396811
390846
246875
68288
280472
232244
290180
281119
59739
869806
1937972
237
1016
252306
52959
76831
363408
104267
111500
153265
290174
292691
225842
286104
104264
2058174
252356
326319
83612
1535231
261827
1176327
291183
143222
393005
221065
1287916
762641
527198
417127
379068
244698
283735
112040
178469
2045416
1518147
216431
2715289
444051
336276
343334
389486
358023
379070
2700084
49277
2049301
1649495
1209327
444459
2782232
308865
1778601
34084
59735
501783
59734
1433995
1013
28250
34098
332102
267986
2828338
336809
1940138
79328
354354
398041
649461
1860196
2698688
1874621
2812019
379899
1769012
1004301
649460
239759
816
838
577309
1283313
2815786
2518495
1918540
195950
375288
836
156973
307628
294702
909656
346096
574697
283168
397864
2760873
1970191
1471399
1193324
2060722
423349
28453
84567
1773450
376469
929509
1649482
29549
146919
2349
1007
256319
274493
1101
100715
1457365
1134403
795750
861299
2646123
173480
1379270
833
459349
1855912
2602070
1617967
682795
1198114
926566
1592106
401053
240015
2763107
204669
2703788
2763071
2211140
234267
1473598
981222
981385
42253
1325564
1936990
1715989
180
178606
1660083
2715679
906968
545694
545695
69713
2766701
120683
2787628
744872
999432
138851
160
162
869209
545776
58231
869211
665571
889378
158189
760011
1307761
573413
2518645
2608247
139
29518
869212
145259
408139
28183
173
28184
1137606
174
159
52584
651822
525903
926567
584708
1197717
885272
891968
572547
580340
2026885
1332188
2093823
1551504
2715734
1408159
2631113
1123384
688269
771875
1236046
660470
521045
2108365
403833
1441386
224324
381751
638303
380749
939
212790
1298851
648996
868864
2047767
1936021
667014
289377
795359
861
2663009
76856
856
1583098
2764326
572544
157687
1785996
34105
526218
157692
880073
653733
768670
717231
639282
139438
522772
1408204
1408281
445932
515635
309799
693075
309798
1235283
716546
4891
34346
5267
162474
5234
6033
89593
5820
5864
5873
423054
33847
38748
227086
1286322
5690
5782
464988
2898
55529
5741
1353260
1826872
1798806
497727
1459637
1034015
2045011
1470066
1470067
436308
1229909
1580092
1582439
1229908
1959104
2259673
1846278
1603555
2259672
1903276
1410606
1874277
184117
2271
121277
181486
1104324
2277
70771
76887
1365176
1550241
2620628
1200300
160233
54259
229980
56636
94694
54248
2641160
2285
43080
111955
79601
1670455
242703
2642239
29284
337243
2247
2703941
2743088
755307
2634974
1048396
1547898
1816183
660522
35746
2252
114529
2246
699433
2629969
60847
293091
2055893
2634096
416273
2257
869886
869889
1198301
2624677
2238
1932004
51589
2610901
57705
146826
430914
2621901
2648975
1457250
2668073
1407499
2242
2643768
2639520
1873524
2648404
413810
1604004
2583824
2631942
2675099
370324
588898
62320
2622230
69525
88724
69527
2633955
387341
29288
745377
2044521
2621923
229731
348826
61858
387343
13769
353800
44930
2198
83986
2201
54120
2315
358766
882104
475088
83984
2203
2209
2208
1715806
2644672
2210
38027
418008
2214
2215
170861
2176
2177
2322
101192
39669
2223
301375
2224
570267
1175445
1175444
122420
2008440
2598455
1293037
2586643
54077
523850
71998
72803
163003
604354
1505907
277988
391623
53952
49899
1609559
342949
1343739
118062
2162
2631116
145262
2638681
2643926
2190
73913
2189
2624956
2188
190192
2684913
2234
572546
387631
113653
589924
1673428
273075
273116
1577791
1406512
1920749
2594042
1873341
2601610
754070
1089121
2729575
1524882
2099336
1458831
2059855
981330
1647471
1838062
1647470
2562717
2315863
1982899
1982898
2733153
2733152
2733155
1993865
2562661
1982880
1982895
2562663
2560504
1982357
1982358
2560506
2734217
2560778
1982091
2734247
1982562
2734218
2560595
2734255
2734258
2169611
2170253
2734264
2201441
1623292
2560591
2560492
1982265
1982237
1983734
1921713
2005060
2562660
1982751
2733156
2762717
1623285
2560785
2560625
2560214
754058
268747
1007869
1984778
2734129
1980923
680114
2734150
2732982
1980926
2733102
2560261
2734153
2560671
1914850
2562339
2734141
2708562
2725606
2713257
2182408
2604899
2734259
2169962
279280
2034348
2572874
2560332
2733939
2560297
2732683
2555548
2733995
10319
10294
10397
548689
1349410
1349409
1605721
2107709
2107707
2107708
1450746
1262528
181084
358403
455364
1813598
10494
2501774
10257
2733300
1146873
2170000
1557033
2049890
1714272
1850906
10455
1987479
70600
1986290
2508240
2501931
10992
1206566
1923355
932070
1325083
1037409
1120045
34021
1261131
2696060
281
2740298
236
29461
120577
36855
1933904
515256
1095900
40933
52764
803
774
2133959
696125
1318743
807
849864
28214
861109
269796
1006554
1266844
1633874
1224746
1052095
1293412
2070537
2478912
59779
74349
1188256
2587858
185588
880591
1845000
320483
948
222891
2686014
779
945
35795
696127
1388755
1977865
1002672
1925548
1179817
543891
2268087
1869339
1840301
152500
326454
1176514
1457195
1310168
1944648
312153
1835254
72557
1008459
964
935588
491
935599
942513
1386087
483
233181
669502
2775920
2565559
380358
707209
453602
454958
487849
325776
1304892
189396
442694
698414
671135
1659194
2083053
2738843
1415630
658642
1173280
2777367
2609418
658641
2545800
1495331
2479393
1329969
545908
86840
1302376
2609668
2004647
1646498
2004646
2004644
1827285
2545797
2079596
2601122
1636603
1530123
106654
1242245
487316
202954
2136182
1879050
134534
70346
2715164
1871111
1324350
202956
2662362
106649
1699621
1028416
2733866
349106
1699623
1699622
571800
2203895
476
29433
2747372
2742656
2742646
648691
539813
1365186
1392500
2787706
2675710
2697371
2267618
1667327
1463164
2026240
1639133
133448
2546350
1702170
1703250
2742668
1920110
2742625
2807631
2742653
2742677
1563222
290339
1177180
497725
2282310
2681309
1920114
59204
59203
41527
1197719
2500543
1286170
2259647
2799495
2822132
83334
930406
2778653
585034
861906
2603836
2810404
2810407
2725997
84564
1906657
199891
1906660
2675787
2675785
2675797
2675795
2675794
2675793
2675775
2675773
2675777
2675778
2675780
2675782
2675791
2675789
42897
622
621
428411
2487150
435998
911022
682634
768492
1006598
2785630
1938820
2485839
1758196
399741
568817
1346614
367190
1443113
34053
150053
1179669
2339259
419257
631
349968
1151116
741091
657336
1878942
2479547
932677
1095774
706191
1407064
1241869
135842
1660040
1315998
1241833
118118
668607
911343
2315802
571430
1878935
1241834
1241836
2518974
557993
1241884
98794
1241860
1241878
1258543
1265350
1241859
1241835
2495405
571428
2518975
118109
118101
2518980
98785
2487345
36868
590409
1224153
1223573
198628
1223570
1224145
561231
218491
1201031
1288122
1578828
588
183417
2697019
102862
1987580
180434
290110
1231049
634113
63612
2545632
44935
213554
272774
2053669
114186
2661587
91844
393595
491952
491950
1298593
1208320
207949
914150
2587869
1777491
2058133
2785913
529120
1004788
1300254
1774373
715451
1160720
287094
1085623
2487742
2806008
2589790
2775245
351745
2575361
402882
407976
399804
392500
318167
2018305
93973
2547970
2583375
2490635
2003316
2799564
87791
283699
2752475
2785910
1365250
1190813
874454
43660
1312369
1314869
621376
267375
28109
1117313
152297
1315279
1315275
1967665
2594005
2769490
1763536
718192
69539
998088
1347420
1636606
1920107
647
2675707
29491
696485
190895
512649
669
766224
903510
2711221
2589990
2777577
2163016
2014742
2766781
748003
914127
196600
1384040
1534743
2025808
29497
47951
85581
38294
51367
2003370
1088719
388396
316275
1927128
91892
400673
661367
456
2005262
1094714
1094715
1321945
1401251
434922
2487929
1987500
1547445
1395624
264
28110
299583
1086726
549298
573570
1542390
2007306
573569
2249302
360196
594679
1085647
28907
2360
412965
2732590
1125411
1971488
650377
262728
1232659
249188
735
726
730
712310
51049
434270
189834
716
720
634176
985008
739
85402
1432056
2770636
115545
1304890
754
456298
2030797
728
221988
653940
123824
205914
1906744
2778911
1263832
1263829
1443036
246195
1196095
1340425
522485
196
1965231
374106
197
75658
1244531
28080
1031542
28898
260714
488546
1848766
2042961
2321187
44674
213
56877
123841
138563
214
1591088
104628
45498
135569
212
2779528
317658
2740404
39766
2714855
2632186
1424653
380394
2614801
264462
2593676
285530
39478
29320
261524
28045
35755
158898
47874
56438
2649073
131112
573600
1884915
1178537
213419
1473
196180
198467
153151
59843
54913
1374
1474
1476
2642018
29385
1288
29388
33028
1286
2282419
29382
29379
155085
246432
1292
985002
1654388
42858
71237
643214
150056
946432
1903056
2628837
1643
1640
1587
33959
227945
1604
47770
303541
1600
83683
109790
1218493
1596
1218494
1579
2107999
227942
1629
46256
1249
1631871
759620
165096
2683241
1605
228229
89059
2304606
392416
1007676
83526
1612
2714036
1246
1252
1511761
33964
2685106
2766470
1138822
2203724
2636988
336988
1255
187452
114090
468911
293371
1193095
1296540
53444
1625
1720083
2419772
148814
671232
1310
28037
1811193
1346
1340
400065
1888195
1318
1349
1917441
1311
1309
1814128
149016
1825069
102684
2021971
2382163
1343
1433513
1111760
1358
1359
1151742
2419773
2749961
1364
1940789
37734
53346
1353
2571750
519472
2714946
218144
51669
290335
2748
708126
51665
1377
2036206
28033
2608920
884684
236753
169679
1504
1494
1519
1497
1548
2068654
223919
1509
332101
2635733
1912897
1322
1531
43305
2643091
33039
143361
2041044
2624479
2325
108150
106578
583357
2636821
44001
52766
55205
52765
413889
717609
2622527
29329
1794699
28187
158847
29466
2682456
39777
39778
39950
2638206
1648
1982626
2636055
33034
2816908
243899
32053
2627481
2619674
2622029
312883
1205
263510
1763363
237581
2098
136241
519450
353852
65123
2128
29559
45361
45362
92401
141391
29554
2118
2111
142651
142649
45363
171632
92400
57372
51365
2109
2110
171284
2107
114881
171281
29561
29555
2113
48003
28903
142650
134821
295596
1609546
2137
216942
362837
2138
2143
324079
315358
216946
216945
216933
47834
2136
2133
216936
216938
216944
2145
2139
216932
216935
216937
225999
138853
219745
2149
216427
324078
81459
74700
214888
38986
61635
2148
264636
85620
85625
85630
85632
1541959
340071
273135
1204360
1755829
1348911
1539298
999434
999431
744515
409322
221027
158190
252967
1104446
140
143
47466
2761123
141
1408429
62088
521010
29519
498742
2564040
57678
90062
312175
1042417
1133568
1045858
1266923
1287055
526224
1157948
126740
126738
1157947
1408160
390874
590168
2336
309803
1123383
381764
310769
2814656
484019
46541
1330330
443254
1006576
75906
1632019
608538
204536
436114
123214
2234087
1653476
671211
76859
76857
155615
469616
469617
469615
143387
1307442
285729
712357
712368
157691
109328
523794
157688
554406
187101
1235284
39664
2226
29291
536044
246969
2016361
1042877
2016373
1674923
195522
593117
71997
1432656
69014
1712654
187880
523849
54262
582419
1183377
529709
2261
272844
70601
230361
2173
83816
294671
868131
877455
59277
145263
2317
2180
67760
83171
2641196
39152
2187
42879
155863
1344584
224325
693661
1937004
1937005
2508726
1898749
13773
164451
985052
2269
2283
41673
312539
563177
282676
1532350
1006005
69656
1294262
41675
2287
2275
84599
54254
1273541
54252
2635519
200415
683846
374847
1291540
263820
74969
333146
439481
673860
2282148
340080
2591211
319522
2794946
1647304
2759389
1527493
2599838
2182360
279303
747763
1647476
1983555
1647474
2608321
1109711
2041344
1109712
1109717
1131316
909297
754066
2656534
2656529
2653750
370623
2599852
10702
2719575
1414742
1414737
1821559
1327959
1647472
1636271
1647475
2315704
658401
1573458
2593268
2591131
2517971
573591
1589748
2591212
1647309
1647305
2588490
691966
1664246
2301561
1538804
754067
1500757
2218618
1458842
1775140
2079417
1109710
1805457
1813769
1109713
2794947
99179
2725616
2656540
2601686
2713262
45764
2662138
2656547
416419
2599848
1993872
1195070
1982897
1623295
1982900
2733154
1211282
373405
1225862
2003502
1041807
205870
1097754
1993867
1982879
1982881
2560488
2560512
2306284
2734254
2170239
2520510
2315855
1623280
2169634
2169633
1776684
1982561
1982558
2234121
2560688
2570373
2734215
2734219
2734220
2734221
2283289
2734242
373407
2734274
2301302
1982746
1982747
2315856
1982102
2170254
2169636
2169635
2560484
2201166
2734223
2734225
2700041
1983735
2734266
2734267
2734243
1982078
2171586
2734292
1981048
279383
462590
2734239
2562522
2734268
1109716
2560588
2734280
2734281
2560509
2560487
2744423
2734279
2734278
2233782
2560486
1982240
1982241
2744421
2267238
374422
1211643
2734252
1982374
1982373
1982375
2560303
2560298
1623301
2734229
2079398
1982264
2169652
2734236
2560848
2560847
1982098
2733220
1982087
2169812
205872
1982570
2560592
2734245
2734263
2734213
2734214
2734248
2169613
2560782
2560388
2734283
2734284
2560485
2560501
1982229
63118
2560594
2560359
1910991
1910993
2734251
2734250
1909389
2560493
1982092
1982093
2560111
2560683
2560511
2560596
2734216
2560360
1982363
2560721
2734238
2560499
2560650
1188794
2560706
2734249
1982106
1982151
1982218
2734262
2744481
225588
2172093
1982556
2734276
2734291
1920752
1981023
2734241
546805
2593333
238854
1279082
925984
1654919
1124849
1026955
536444
536466
2201420
929833
1003177
1458861
1150991
1161927
1273753
1560342
1503929
1357715
1498228
331278
2713256
2596673
279530
2767570
1892568
1985329
1913653
227470
1985328
1914165
1198137
10663
1913651
1133560
2006134
2006135
2734089
2594900
2050039
1231361
1914851
2508196
1980925
1980948
2560300
2520516
2562722
1984784
2560302
2752797
2734137
2560406
1198980
2734081
2734080
2734085
2738809
2560434
1984777
2733115
1980944
2560286
2752533
2560700
2732972
1636617
2560436
2752547
2733124
2734084
2734079
2734122
2734111
2560752
2560244
2560685
2560802
2560676
2560833
2734114
2560092
499235
1921407
1921525
2734145
1084719
1925779
1984796
1980937
1980942
2734144
2734143
340435
1985292
2169882
2734140
2560086
2053723
2590948
2053812
2315703
2565510
2484218
1458716
1461743
1054968
2053813
2023949
2023950
179237
644524
242527
1136535
1195073
1922330
1920762
1982596
2734260
2560670
2560611
2529391
1921189
1987939
484895
10752
2732929
2732931
2732932
2732933
2732675
2732693
2732679
2732687
1985736
1985735
477967
2732924
1197951
1316739
2731677
2732912
2732913
2733960
2733954
2733947
2733956
2733932
2733965
2733928
2733926
2733904
2733899
2560679
2733892
1985711
2733890
1920774
1985181
1918010
1922327
2732968
2732971
1978922
2686437
1527770
2169536
2731622
1262513
2560539
2732013
2732966
2733998
187217
1981042
2560414
1920864
2732046
2732960
180252
180255
10358
10365
548688
10375
10379
35249
548687
180230
317858
150286
317878
10401
85655
389214
261939
1100043
1273747
1273748
1273746
1273749
1678078
1859492
2010273
1932881
1285599
10278
2005509
573055
10242
2733299
2733301
10286
62098
2733302
10497
346674
381899
2023057
880158
39420
97195
181082
694581
999883
1421067
10492
308906
10491
10487
2065215
113366
212035
985782
1513235
1962299
2015370
114424
413684
2015374
298334
1986019
130369
190061
1548417
190065
1962301
1282967
1154689
10454
10449
332054
320432
447897
1962501
10456
51313
58094
46242
78219
1346829
1580580
1563660
1307957
208973
28289
56947
166056
130556
1985360
39686
64292
11089
1172985
63426
154339
1381464
349945
352927
11021
60879
334447
327106
113553
12163
1914299
445435
11041
12141
325675
11983
147711
12258
1521188
119910
46619
453050
1239573
1323524
148880
2560069
2560076
2560080
2733252
35303
2136036
1985709
2507291
1653394
11572
1980420
2613861
152217
939922
1678171
10988
10912
908833
1922692
1923078
1922542
1922827
1923493
1923307
1922738
1746057
1088890
262957
1960254
11646
1895000
2169615
1052159
10803
1506574
128941
2734333
523909
2493124
265522
1123964
2072209
687342
2578113
258594
120576
2740297
565050
391036
451514
2072410
2371
2420300
40214
981334
1328373
640131
2742678
2742629
2742657
184912
2742655
2778656
2773706
331112
2778657
1045010
2675779
2675786
2675776
2675774
401619
476281
1348660
716540
2173854
98793
1660043
2315801
1223572
579405
1225780
667120
1141663
2633465
529507
1416915
1917158
233316
693971
649161
247523
176102
1116375
127906
463
728003
1088883
539329
1295140
715
1434214
2679995
731
2082385
1840267
743973
381666
1262456
1430884
528354
1208919
97084
545123
1904
1923
543886
508451
257758
84023
2633649
1532
46354
413888
33037
57497
2120
1612150
2124
33923
114885
114880
76629
2134
1291379
999426
142
1398490
1239934
519049
290434
1964448
293071
214675
2423
160798
74968
2283303
2283304
2283265
2301621
2283267
1718278
2488789
753085
2250352
691963
1572712
741942
437329
2725614
2662295
2507854
2510508
2591031
1964565
1887644
1690818
2315475
12348
31754
2560787
2560786
2560791
2560790
2560789
2560788
1034114
1051143
1032892
1993873
2560792
2734256
1623277
347328
2560784
205879
1034111
2734289
2733169
1982567
2448213
2169612
2560502
1982148
2734282
1921548
1623288
2560490
2182400
329254
1982560
2733208
2733170
10719
2560158
2560161
1982369
2560505
2560407
1993859
2560500
2560608
1954378
1920751
2733195
2733171
1921129
2734272
466052
2734244
1982111
2734237
2749430
2547425
2557553
1173297
2024252
1262527
1283076
1493510
1980950
2560305
1985325
1914852
1980947
1737463
1984783
2733099
1198140
1985293
2560751
2560849
2733117
2560269
2560094
2734103
2560680
2734096
2560337
2733136
2733083
2734152
2733900
2733901
2732921
2732920
2732930
1622234
2733941
2733922
2733905
2733963
2732677
2732910
1188795
1235689
1881383
2315470
1417599
2557554
2583039
977801
942016
469660
2489597
1982592
2529390
1910931
1917990
187218
2560112
2267403
2731623
2732068
1472912
33706
40272
1273751
1868621
46021
322019
2035708
10260
40070
129953
1986017
190064
1557034
166921
271108
1367203
1307956
566270
262177
208013
28288
359919
262175
307444
694017
2499606
1923469
675845
2560074
11103
1495316
1041806
1922359
1922722
1923077
1923470
1922595
1923640
153057
1690672
291027
1618244
1507401
1891741
2219141
39640
2169827
1797140
157898
28425
1277257
1121028
2259883
375451
234826
80869
1840283
1170710
1468409
568707
360910
2675741
2775161
1977566
2742673
1848517
1905288
2488567
2742626
2742663
2683822
498388
1603259
1078032
2810405
1050617
2778655
2773707
991919
941323
2675796
2675784
2675790
98795
118099
1241832
2518977
598467
634503
1650654
2730357
2661921
1208308
1972134
696748
209841
862965
228400
2505970
122866
2490633
33040
197614
2097
2129
861913
161
1302858
1293575
412419
211880
176
759914
565034
1545835
860
55802
1301915
2280
1458862
322855
754044
2599849
1327970
1445727
1308863
1838072
984175
2743924
172667
861045
2560783
1983744
1623284
1982090
1982089
2560397
2734277
1623303
1623302
2560589
2560491
633135
2732613
1299429
2201169
2169871
2705462
1982097
1982108
2560163
2734230
2734226
573172
148943
573174
1278479
1340810
1913591
115991
1913654
2006138
417280
1984787
2560495
2752535
244310
2560831
2752794
1636618
948071
1563661
2484217
1982595
1987941
2734160
2734159
2732684
2731942
2733952
2731935
2732925
2732917
2731675
2733945
2733937
2560655
1911929
2560334
1857889
2732969
857474
2560546
1785960
2169532
2752520
1513231
1592082
74660
59376
2083176
2169746
1986291
1750712
130310
691961
11286
1978532
1972611
1921703
2733239
2501978
2560118
1980517
686983
12211
2025397
607716
2560390
10882
1296569
267970
1922552
1923161
1922734
1923154
153135
11640
862943
1513241
333750
934800
1236409
1679933
2747322
1128424
379529
2560838
687351
1732174
10484
509190
935590
317013
644357
1420012
2675713
2566012
1158459
1920116
2233553
340186
409438
1412834
2810406
2814546
655384
98804
2518979
569
2759705
298657
1261126
85404
47735
1795
1963032
1178540
1028381
2619255
255248
357441
29323
264691
538220
445986
1307444
2656526
2315217
1647473
578234
294382
294631
2419978
2126925
2652414
2283012
2571253
1435411
1560313
2743909
1476889
861044
1034152
540068
1034112
1993879
1074304
1982096
2734224
2734288
2734290
205875
2560496
2560124
1982257
1982301
1982563
2050979
1982076
2734253
1954379
2560395
2734271
2734285
2560722
2733160
1982557
2560307
1623283
2448216
1921709
2508071
12402
1883374
458639
382359
1273755
1913650
2734139
2734138
2560545
2560541
2734109
2732983
2560400
2560131
2560689
2734156
2734083
2734101
2560336
1987158
2734082
2752522
2590877
1051675
1131315
1978007
2712958
373126
2734189
2169963
1982590
1921184
2732938
1465639
542837
2733895
2733959
2733924
2733946
2560202
2733920
1985730
2601680
2731621
2732017
2733996
2026949
1920865
1903266
425386
1981916
373996
1474867
10506
1513458
10265
10282
2170001
130371
130308
326574
51354
1350000
2499607
1247114
1906173
674984
1985362
2316740
2024724
312008
1985687
1513300
2501981
158372
1148491
10979
2169858
1923742
1923420
1922602
1923650
1923153
1923692
1746073
1170422
1619899
140052
1675865
207830
204440
161494
489830
204507
1513240
1891748
345249
12585
2011079
1619220
2053981
342409
152682
93220
576610
518
495
486
2730846
930166
196806
475
573
1392858
1649845
470934
553
66269
651
693970
58050
51366
446
920
68242
1357
2121
2147
1643685
2676525
859
145260
196118
498374
2652415
2591132
2560497
2560387
1910992
1982085
2731208
2560628
2734128
680115
2734190
188350
2650877
52280
1967781
283165
1225179
90322
595605
272943
1423144
1740162
322535
341029
1523522
1046625
1308980
2697370
1159491
585057
431946
2675788
1255309
1161919
1507522
1226343
1225785
718251
1300256
1761891
1222034
1433287
1275971
984991
1313295
1192864
2627676
1327974
1777064
1873985
1838081
753084
1837862
1239381
1821563
754053
2301714
1589270
1486469
190478
335797
1647391
1056831
1097753
663557
1086751
1993887
1981049
1089135
1982080
1921547
2234106
2169873
1982236
1623293
2560489
2734261
2560842
2560514
2169651
2594692
2560392
1982109
1623289
2041855
1982259
1273742
2560503
1982573
2767579
1542477
2041383
749413
445686
754074
1880590
260149
1913652
2732978
2732985
2006139
2006136
2560306
1985303
1966265
1921705
2734134
1980941
2169624
2169883
2560542
2734088
2734147
2560272
1925781
1300004
2316154
1526550
2108116
1636270
2591033
1982578
545932
1984798
2732589
1920754
186846
2734191
298338
1857846
1857844
2510943
2732689
2732688
151528
268748
2733916
2733953
2560686
2733888
2560156
2733999
2732086
1920860
2734030
2733978
1262530
1273750
1234888
1654356
1500510
1685772
113370
108098
1146875
190062
2169709
1557035
1723446
1188793
941765
368736
32629
11033
188141
12162
184751
12151
174142
12637
12041
32613
140295
1299306
1513299
2508239
2508210
2560699
2576578
578107
945960
12203
12465
1993907
349681
1678168
11008
2560291
208294
2169857
198599
1923267
1923608
1922704
1923725
1922536
1923542
1923244
1923369
1923407
1923448
1922796
1923332
1746069
439014
1916701
2528670
2747320
333921
334211
262588
1460070
1655657
1174529
2696058
453842
1130829
257310
2675711
1006551
2742647
2742636
2716879
2697517
1502658
42906
561229
2027290
2795688
399599
43659
2661922
80852
171285
85628
1023
445985
1674146
290341
338215
508536
416591
2178923
1147158
447909
1147151
871584
51369
37105
2686279
2003503
1195075
1034150
1982559
2560705
2734227
2733202
2560590
1982569
1921123
85154
2560494
2560719
1982364
2733157
1406788
1981027
1982088
2734275
1982238
2733205
1982251
1982368
1982370
1982372
1921555
445685
2589665
754075
2202564
2169990
1921528
2594891
2006177
2732974
2560629
2560435
2734102
2752534
1984776
10683
2733141
1912146
2596674
2599764
573171
2734188
680287
2560132
857312
2560160
1567484
1985720
2732680
2732686
2732909
2732916
438482
2169534
2731624
508441
756285
1296573
79205
1785753
2733297
10270
2170002
129954
129956
186536
186458
2501972
2315724
1299308
1926967
1755588
2108205
2315809
2507288
2732908
129732
201862
12222
75746
12430
1871631
1908807
2170080
2170090
1307802
10892
699181
39804
1923110
1923272
1923199
1922770
1923212
2169668
224399
101850
10464
575917
2122733
1985381
1985417
2170145
1662286
1891757
1385657
419435
53988
2776735
10479
