1325100
288000
1223566
114615
1325102
1197460
115808
2057741
1325120
2715960
1404888
1325114
1325112
1325111
376
319017
2493093
2599805
2599819
1404649
1325083
2578113
1274631
1437360
190148
1355477
722472
83637
1245469
255045
476282
1037409
1325107
1549949
1404367
1404864
858423
1325090
83627
1325115
1325095
1404768
244734
931866
1275962
1867715
2020412
2599640
1842539
2015316
1792307
1526658
316058
316055
316056
652103
395960
2592814
2592817
2592815
2592816
943830
1882747
504832
1333996
323097
323098
675281
2584466
2108445
2082387
2493672
2493673
2493676
2493668
2777475
2493680
2493675
2744518
2744521
2493669
2654248
2493677
2493679
2493678
2493671
2654249
2483404
2493681
2744523
2744516
1854057
2744522
2483403
2744517
2493674
2493670
2744515
278153
2744520
2744519
2483402
1670800
1082933
935548
935546
682633
278148
754035
536019
1777866
763057
266835
2725666
2774562
374606
2666139
83263
266779
2599600
1756988
1852022
1620421
411684
2742145
1867719
2718938
2712698
2305987
2613769
384
29449
348824
396
1312183
379684
1138189
56730
1138194
293958
1138190
398
1368430
451876
240521
2583231
1335061
1538158
2267833
648995
1538159
2081791
448181
1183400
373
2632611
359
28099
160699
1183412
399
2629175
1125847
663276
382
2613772
194963
110321
106592
375549
2633371
1752398
716925
879274
2715959
2795690
2341112
1969821
1273132
1174529
658172
34020
1261131
426117
2202828
2603276
2202826
925818
2067957
1479019
739141
2696060
460265
270351
2202825
2051553
2202827
908290
269660
1775910
426355
418223
693986
2807101
2082949
1882682
2651334
441620
272630
440085
419610
29429
674703
444923
1736675
2801335
2657486
2499144
2083786
2774137
2664417
2759954
400770
582899
670307
1029756
717785
2233851
1079
1384459
2170729
2742204
2820278
648757
1447062
1082931
1608628
1219035
1335043
454601
331696
2562284
2709380
639283
1850374
1745854
2528964
438753
2789216
2712222
1235591
1482074
573658
134
173366
655015
391905
187303
595536
2699395
1349819
2758041
2816454
1638161
1701758
686597
1122214
1486262
2583532
538381
1881061
2021862
2590016
2587861
2587854
1674922
244592
187304
1402210
911045
1702325
444444
395965
227605
569860
31994
402881
1712261
1458461
94625
2632610
271865
529
419475
571256
1218315
29459
235
236
29461
120577
36855
120576
444163
239106
2304600
1798205
2528642
1686310
2759660
515256
1933904
1933910
40933
2267275
1094489
52764
634504
1225179
687861
774
1095900
1318743
1094491
38323
85701
696125
2133959
807
2764186
2714944
2681549
2714942
2714943
2653203
745310
1327635
2735134
2698679
1938607
2492837
2596913
2711156
1523415
2219696
2599297
2565555
1030157
2759526
1517554
1390395
1517551
1961362
2319844
304378
1628059
849864
1381597
28214
90322
386874
1176646
1045317
363835
2071607
2594473
392499
653931
1123269
93064
1609977
1549858
1560345
1813879
424800
13689
621456
2698828
2789327
627192
1315974
2676077
2082188
1843368
1855519
2072936
2733867
407020
2565554
484429
520734
2185111
13690
135719
120107
690566
1673076
452662
1332080
76947
1208342
1054037
861109
56193
595605
1357916
1874061
2486273
2565556
292913
1914525
1866325
1913578
33050
2448440
2054227
1515612
317655
267128
2675225
2571749
1609758
1016987
2780074
702113
164608
158500
279238
1176536
1088721
2762748
2711215
941907
2584094
2077182
1806885
2725558
392610
2026624
2724527
1850238
1842535
1550728
1921510
1634516
2762729
2806553
120045
120044
2633097
39960
2739433
1112
2182384
2683265
2060312
2067415
2604537
2185142
1267766
361183
476157
692370
2338327
1982042
2055955
450378
2798724
1348774
192812
1532023
266951
502682
1648404
543877
645517
1892855
2771430
335406
2759707
192
652764
709810
664962
2202148
137722
862719
528244
682998
286727
1226968
1064539
2775420
2233999
2602016
2602015
1663591
1639348
431944
342108
414684
269796
2594003
1110502
1441467
2220096
111831
2048283
2785908
2785911
1891279
1123366
1612173
1150469
1288970
1549855
1401328
1193729
2768162
2768161
2018065
257708
207340
94
1296990
265959
714995
265960
634177
65958
33995
215221
2771361
926570
349163
1484109
1969806
435
1076596
2592655
2259883
431306
481145
1006554
1266844
481146
146474
104102
446692
2500548
1633874
65959
272568
1288313
290633
1224746
318683
574987
257438
1052095
320497
153496
1231624
2558360
2558361
1293412
1510841
661191
2070537
2478912
2697033
2762277
2560057
2500532
2760307
2589076
2812658
1529068
1545044
1077935
147645
82367
2560053
34004
266
2259340
2065379
1945662
1367847
135740
1499308
59779
135742
2033869
1850250
272942
1075
557760
349101
992186
1917485
2587855
1968541
2070369
1389004
1389005
664426
1389011
2785912
1402135
83219
60137
74349
2587847
2587846
2587850
391613
540747
2494550
215743
1229727
311180
1792508
1564506
308754
1188256
991905
1208324
1411902
1758178
875171
1397108
2579971
60890
221822
1580596
1844006
681157
1826607
1396826
2508306
2508307
999552
2789856
1549850
1915078
2587852
2588299
2587858
246200
292414
2587853
2293862
185588
2009329
1335048
2588711
2494374
1250539
988812
1267768
1891787
2434
391595
2169400
561184
398580
195105
880591
92947
1294273
2602067
391616
391626
1458307
1609966
2587163
2613965
1537215
2715211
564137
2017482
290400
2587842
299262
1265309
74033
2599296
245188
53501
441209
2552942
1591409
2500533
2171755
1715691
2483033
1920883
666509
1579316
366602
69665
69666
155892
1679497
2708539
2010972
509190
69395
2774190
2591463
2561924
1938605
2800818
2774189
2752515
2579977
2813778
2562582
1532555
1827469
2560058
588932
633149
74329
293
41276
1325724
2686094
450851
2201350
573065
1940610
1868589
2570229
349215
856793
488538
2029849
394221
1434191
2749086
1873716
1906738
2016196
582402
949
770
948
574556
1248439
2640676
955
1845000
779
945
944
35795
391036
1286528
434131
2686014
222891
114277
114292
114295
1129742
784
2601646
2115978
696127
1802984
2486578
2163644
2043170
2582913
314260
2066024
2601575
2601668
86106
91604
1414854
156889
451514
1002672
2268451
1388755
1977865
1977864
335992
2563896
1925548
2161677
1034889
662548
434008
207745
434009
1795631
2681552
2762323
2762322
282217
434014
2774875
2811425
2126319
1246301
543728
595537
436515
795665
2716225
2806262
2651974
1842537
434010
2184519
2565558
47421
1763535
2518343
1842533
2714923
358220
2478662
1858609
232721
80870
1926868
2743470
553814
397945
80868
535289
365046
2741720
2752316
2822760
1842727
2509614
338969
1484693
81479
2597701
1232667
1082851
1392005
225991
160825
1562974
363952
225992
296591
1840265
1840293
1840303
1869339
2268087
1840283
1840239
1840267
365044
37448
215580
2714924
2714925
2792224
2735554
1715720
1288495
1546149
2714952
80866
742013
1920191
558537
180282
2816950
1658672
2109914
596154
596153
1458426
1458425
80880
391735
2109913
2116657
2109915
1678128
1678129
1844971
946483
87883
95486
292
101571
482957
488447
179879
1503054
95485
60550
1503055
152480
488731
60552
488729
488732
1207504
488446
2571746
758782
1740163
640512
1855726
2217913
1637853
758796
1637862
2811789
1637869
1097668
1795043
2811788
1795874
1705310
1179675
2732364
416344
326454
28450
57975
342113
1385592
1385591
1637837
1636423
1637841
1637831
13373
999541
32009
41899
1176514
626418
977880
82633
1042878
96344
68895
151783
119219
264198
1267562
876364
2771360
1389192
1040979
1796606
367825
2547399
1926494
2735433
2735434
2604047
2026199
1323664
2571748
92647
2571747
1417228
398527
2654982
391038
134537
754502
420953
1229205
169427
60548
134536
311231
2211211
169430
1761016
266265
265293
311230
859655
859657
1394180
1457195
859656
1262456
1130829
402626
428406
190721
105219
1310165
1944648
1310168
1416914
93221
445709
2518599
656178
93219
656179
93218
1891094
573737
93222
2814653
2705547
2705548
758793
47671
2594795
882378
452638
556054
576611
1743162
1743174
556053
2527775
1835254
1743168
2732163
1553431
2651972
2268024
2753607
946333
420662
2082386
1430884
983917
395495
1050370
75379
426114
639200
1658665
2697032
1296669
76731
392593
1768242
1746199
1697043
463014
463025
463040
1416806
1416803
103855
94624
123899
1331258
1208658
568707
35814
521
463024
520
1208660
762376
1167634
1758194
1881016
2282475
217203
32002
217204
1353889
1353891
72557
2488560
1940612
1437824
1851544
2028345
1007105
2716226
511
2813780
323284
206506
1036672
1247726
2163011
90245
90244
1072685
643674
29575
1008459
2652177
1707785
2769491
1678028
1593482
2765360
2709302
2709303
1141883
871742
945844
864828
321985
321983
2072590
321984
2045208
2014887
964
1262470
1235827
1078773
863372
92645
2025949
2497863
1644131
1938606
375286
1537274
2808899
1236179
1349767
2590869
368607
29581
2728020
2728021
1005048
279058
279113
2601898
2058624
2058625
401471
1809410
2807626
556269
2494234
2584944
40545
1796652
748247
2016596
356837
2027405
198107
418699
2067960
41977
85643
2005884
1134435
96773
44139
2184083
76116
76115
76114
404405
1765049
640081
2811415
1735038
1565605
2231055
2654218
159087
1751046
2732067
2732487
1981880
311182
1223802
1842540
157592
44574
44577
261292
153948
228410
335283
1444684
323848
1288494
1266925
292415
1914471
171865
1985873
2675298
2715678
1163617
580332
1188319
395494
2559597
887061
582744
265072
2588534
1662285
2588536
1581557
1581680
2588535
583345
666681
2641838
1108595
536
2202141
2605945
1778675
394935
235634
537
1906741
1009682
748280
1537400
332411
1590041
519081
57480
1192162
557598
1938604
1737446
2739434
2739061
655307
641148
2709396
1853276
267212
194197
607712
88719
1853278
135720
662598
1386087
1815583
492
28091
490
326522
485
326523
489653
2666100
493
488
640030
607711
28449
483
484
489
2290923
682798
63
96942
539
2528037
505
502
504
153493
1196094
194196
641147
522306
2591109
1208921
1208920
233181
1576550
33056
1208919
1381133
1755504
1856685
2725477
2320867
2731681
2614442
2653853
1294143
2811422
1930532
2748080
2054914
658630
1028989
2724470
1931241
1881017
2729423
2735906
2706126
1573704
2518644
2498848
143813
2726956
2726989
1573718
2749999
2049589
1736226
2320270
2054919
2774873
1283291
2201356
2804761
2730847
1573719
1649877
1981174
2073078
2730848
2823875
2219057
2052956
658644
1898684
253237
1611770
1573712
1207075
1534110
2590776
2213057
2662033
2774459
2025658
2812000
1259844
1702250
2587845
2604941
1573711
1855380
2479392
2597770
1758730
1500686
2559074
2054915
118613
658629
2018067
1500687
1573720
1636610
2067572
2126069
1827300
2005388
2605424
1855331
676210
1173283
2730851
2069256
2045200
2169583
1659194
2083055
76885
2083054
2777367
2749807
658643
1173270
658642
1886807
1415630
69328
2651048
1173273
2654238
2662034
1173288
658632
2762896
1173280
2083053
658641
2083052
1173284
147212
2738843
2587597
2664899
2083051
1338689
2545800
306
1495331
2479393
1761895
2609418
1523522
287
300
53412
1232139
43263
627141
53408
294
380021
47878
76758
47883
200451
200450
47879
46679
183795
76760
29442
78543
651740
129817
169669
75588
76761
75612
303
47885
76759
47880
70775
2217867
78327
578833
74829
271420
47886
587753
86185
296
2604832
251695
33069
1190415
36746
53409
251698
50340
251701
2775504
46257
86840
1392877
319939
237610
1301098
1245526
384676
43306
157782
2599595
487184
104087
237609
216142
1499686
472181
364197
157783
198618
86264
198620
553151
515393
1395516
797277
95300
702115
437900
1691904
219572
86265
1148509
359110
1853130
191390
395598
741155
1434072
244566
321846
46677
1274359
1421430
2505979
47884
554344
163011
158627
2774460
2774461
2502979
1788301
122355
1628086
53407
1306993
2565368
1615674
1785145
2681983
1583341
2219225
1302376
470150
353
69964
354
1510150
1697053
2213226
2785331
1879049
2563897
2798861
2004646
2714110
2004647
1407071
2601122
1646498
1808001
1608473
1758189
2079596
1636603
2545797
1827285
2609668
2725684
2004644
2743575
470
48296
471
1530123
106654
1785128
756892
1789224
108981
29430
40214
981334
487316
106648
1046625
134534
202954
70348
1197884
1879050
62977
70346
108980
2006115
1871111
2715163
40215
202956
2136182
436717
106649
2662362
2715164
2004650
1324350
1699621
1028416
1699623
1720344
1699622
2772254
571800
349106
1699624
56811
2733866
2203895
1028419
256326
45610
259536
330922
34062
476
480
34061
386891
478
29433
2283318
453783
2290922
2762611
2781021
2781022
2714936
2781024
2781023
69
2763317
2795387
84531
435897
1605891
1324796
262324
2591633
2698682
40324
2072414
2072413
2072405
2072407
2072412
2072406
2072409
2072408
1904944
2770322
2691571
2742129
2303750
2040586
2005046
2282124
2682487
2775920
1827305
216778
128780
2045451
83617
149696
359385
340
92826
2724122
2724123
2724121
2775162
2776703
152263
134875
487909
56458
64187
129394
56464
346
380358
56455
195709
69929
925775
56453
48664
487904
2754056
707209
454958
325776
487849
1219375
1982678
1101443
1304892
2259622
359387
207721
189396
316273
92828
317013
442694
2799326
1896164
2508168
2799325
2761107
1176533
2006110
2565782
743721
128785
1045855
2202149
2771436
2714945
215691
1463158
370777
2511995
698414
1401256
644357
671135
1444770
445710
2763498
2501295
1217721
1849581
666685
2778082
582702
1300342
2589080
1440763
2010829
2021234
767434
550
158836
69218
61645
1812935
2494701
208224
299767
2071710
2757714
2724468
2596949
1914861
2742676
2742639
399742
2742619
1166130
2705458
2500132
1560339
648691
2565914
1868135
1827481
2742673
2742656
2747372
2051905
881260
2478464
885040
539813
72407
39831
1328373
1365186
1420012
548
2681387
2787706
2675726
2697371
2015795
2267618
2675710
571
1134687
1667327
244366
2026240
2153354
2489010
2058152
546
67827
1639133
2816438
57706
133448
1573676
2742624
2546350
2781952
1702170
2742627
1703250
1920110
2742675
2742667
2742626
2742657
2742625
2742668
2697370
2742678
637910
67824
1261127
545
2562449
2653932
1748967
1563222
1138308
413498
1074000
1073999
1159491
1159613
1906275
2725560
2492396
2067958
1300165
1235834
551989
1177180
497725
1646340
2714951
2815358
2282310
2282309
2681308
2681309
1920114
2681307
83655
2822132
83334
696406
2233553
930406
585034
409438
2048778
2048781
1392858
2763104
1045010
244319
1078034
2810408
2810404
208962
564
1499973
2044467
575
577
54291
1259973
2259647
61647
701347
59201
59202
59208
59204
59205
59203
41527
1197719
158822
2545798
158823
61646
2153385
69220
61648
2774055
51288
566
2579935
158877
1851514
2479367
82977
146507
84564
1906659
1906661
1906657
1682492
472825
199891
1906660
565
1972431
395631
1756993
563
2675784
2675785
2675772
2675775
2675794
2675793
2675791
2675789
2675782
2675783
2675797
2675795
2675792
2675788
2675787
2675786
2675781
2675780
2675779
2675778
2675776
1048758
42897
622
621
2487150
401619
428411
476281
911022
1334564
273526
435998
2420306
104623
671990
2597702
2033438
2448483
2447890
2724469
2773264
2482769
2785630
1327989
488142
1758196
2485839
1154756
682634
1006598
61652
618
47917
2741499
399741
82995
568817
1346614
137545
61651
300181
458197
1443113
34053
367190
633
632
29486
935293
28152
1453495
29484
349967
29485
263819
2607663
2339259
349968
419257
1179669
2126321
745277
1151116
1805933
741091
2703885
929813
1646377
41202
1441930
1878942
2575375
592316
1484158
2052056
2490851
2479547
2768165
2787629
59814
712898
549
932677
1123863
55209
66271
1891675
1076550
1235990
470933
1619313
55211
2681984
2547962
215689
465817
634500
1407064
716540
1922217
79967
665914
665913
1458355
1615494
1241869
118103
135842
1315998
2315800
2518979
98785
2518977
1660043
1258543
1241860
1241836
1241834
911343
2518976
2173854
118101
2495405
557993
1241865
1241859
118110
1660040
655384
571428
1878935
1507522
2315802
1265350
1921549
2518980
98793
1241878
98794
98804
118118
261318
571430
1241832
1241833
1241884
53336
82987
2487345
36868
590409
1427366
1224147
1224153
1223567
1223573
1224146
1223569
1223571
561229
204040
1224149
198628
1223572
579405
1226343
1223570
1225780
1089444
568766
2037915
1224145
1778540
568768
180957
555
2042057
218491
1905730
2108399
1175631
2488639
78398
1201031
2722756
1109412
55213
1172565
1082704
718251
93378
67780
1288122
1578828
1650654
667120
1453496
546367
1848580
82983
1141663
158850
126385
333962
1141660
333965
588
2791982
406818
351671
351679
628
1354304
290110
180434
584
585
183417
102862
2697019
626774
1987580
230089
141679
291112
235559
1231049
638
634113
1239307
2342
1929246
158841
82985
2172103
2498113
703
1255043
396588
713585
396595
106634
1765967
2792603
2819280
1335757
2666185
1260251
349124
1052
2740807
187272
421628
1442136
1166950
765912
765910
572477
765911
316276
472759
1814290
323261
105559
2699430
1763998
2498451
2545632
553981
1630141
1579979
2771012
2795687
585455
1972068
47960
1860122
555778
1548547
1811807
1192854
2587844
2773308
2587849
1883416
2733488
2733487
2497861
1609967
2306583
2730360
2562282
2749040
2785909
1504981
2136172
2733484
1118153
2014541
1971364
1666906
1761789
1346287
1250400
475662
1897729
1081866
768066
507626
115561
29571
1178482
29570
2609667
664683
74661
44935
213554
272774
2686360
2609415
2661553
2053669
1055101
28258
376489
1771309
657387
698828
157779
290398
1883414
33074
91844
114186
2014542
1113728
391936
930169
1094342
393595
1917421
1821621
48076
2668067
400668
2071621
178399
383750
717774
491952
2773454
491950
1031538
1572645
1441457
1249553
2614693
1298593
1208320
1278309
207949
1628392
349521
2683272
2161747
1336806
1445510
418701
523791
1561924
914150
1144748
141451
570277
2304594
2769486
2488665
1749259
1761794
1415568
2547598
1671721
490759
2603215
1163748
351348
1420917
418719
1874317
225937
330734
2267264
1714845
2358187
1917158
2058133
1004787
1004785
529120
1004788
1774373
1300254
1858656
589873
715451
233316
287094
2259620
2785918
2572577
914153
2303538
2686358
2686359
1129794
197222
2489595
1085623
1526571
2183582
2172099
1740262
680279
2814293
2814294
2814292
2593655
2803864
2589987
2590015
94122
2814295
2059264
2029986
2487742
2698686
60480
1930557
2589790
2575361
60481
2806008
2593656
2601269
2775245
351745
323850
1965282
38313
407976
693971
399804
260364
1173586
326297
425104
318161
458817
2520507
637905
256839
392500
43661
225848
150120
398579
558541
211586
225849
238836
1028752
2018305
93973
318167
2588449
342950
2547970
1709477
116092
2744479
2003316
2587843
1390185
1514074
649161
2799564
2583375
283699
87791
1720343
1761891
234831
2752475
2759705
2785910
43658
1365250
339617
1315306
43662
342610
1117319
161398
227
1315282
314281
874454
882626
1348114
1314866
1190813
1312369
151081
1117313
1315283
1314869
1315279
267375
43660
621376
28109
152297
1315275
43659
2820710
1266052
550540
2724191
1816218
2161872
2497879
1816219
2689569
58049
167879
1967665
2594005
2769490
2552945
1763536
718192
2100422
2055892
135577
1940690
1096243
357804
314282
69539
1202962
1347420
998088
1354302
1448139
196023
1208104
652
2033032
2033033
2560029
1636606
1636609
2560028
1758179
1636607
1636608
1920107
647
2675707
73010
96473
29491
197700
218936
648
650
196024
948519
656
347534
511062
2047966
1416627
1903694
595494
83771
2812648
2681310
243233
2785785
1727196
107637
2812647
2608981
1538553
857087
702114
686340
2049332
1432792
1808979
1091494
95641
1704499
1675686
1620215
1281578
2303331
2698684
465721
2681547
2745199
1516059
2587856
359370
2591606
1769779
252514
48074
260552
454662
1987723
1945512
2303332
155077
377629
2731755
2731756
1117647
1737490
203122
930806
930805
2601894
2708301
314285
2794344
1620392
1470434
716816
670
680
696485
663
2315253
669
691
190895
512649
766224
676
903510
196600
914127
1246305
748003
2662262
2777577
2587865
2714948
2711221
2589990
2014742
1116375
2163016
2766781
864336
55601
666
29498
300876
29495
28173
674
1381081
1384040
689
1481663
1671868
2572923
1481923
28172
1918945
1763883
675
45658
1435069
2479546
553239
673372
687
1074311
76258
1191300
47951
2587862
265668
170673
693153
29497
1891186
170679
1534743
2025808
1208308
658445
320778
85581
38294
298386
1908198
51367
2003370
673
388396
312309
1088719
40269
1755811
1927128
1810504
2662448
2746060
2708020
2755562
91890
91891
66976
91892
45065
452
449
1268635
28087
450
45067
1212491
454
1867846
28082
28084
45056
66969
456
2005262
1094715
1094714
451
254247
254246
1321945
434922
1401251
2054173
2487929
676208
2739063
2580412
2211106
2267253
717772
1803865
717773
265883
317025
28885
754477
754476
1238
728003
385025
1198232
2675054
2675053
1032
2735563
111769
288004
1547445
1395624
2589986
539329
264
299583
573570
1088883
549298
2007306
1542390
2249302
1086726
573569
360196
1085644
1085647
594679
28907
1543721
2738883
1076588
1249552
2291597
2360
413404
2738852
2732590
412965
1303921
1705394
1125411
2508687
1971485
1971488
2652803
2183911
1248727
262728
862964
1334187
862965
730
735
249188
726
712310
714
634176
985008
2820817
739
2774188
339671
696748
718
189834
44294
754345
720
51049
51161
44283
115545
97481
754
75985
1434214
1434215
85402
2770636
1432056
2679995
111844
2679994
738
2030797
1005058
728
762
653940
221988
1906744
2778911
1263832
205914
228400
109472
123824
1032623
1443036
2718
870
1196095
1635327
1267021
161492
47
42
40
44
32
83461
224458
1524214
39643
50
1882917
1055688
1649470
1524217
162027
2627627
345632
35554
60035
28232
225194
351604
1203471
313985
1340425
483547
2614637
1603606
29543
29542
19
1842532
881
370038
345370
2593640
879
63561
184917
901
296842
876
44742
241368
58180
1725232
1716143
641491
182210
2678688
2661612
57320
879567
873
2773299
880
191026
29546
899
132132
45663
571177
83564
947919
897
181663
218208
45655
45656
2291
2293
2296
28223
894
1986146
1909699
427923
2622240
84980
65555
2292766
1548548
119484
361111
2358
60893
316277
453230
1621989
84405
824
204
199
200
2593542
203
195
1780362
198
522485
201
197
1244531
1965231
75658
2561898
196
28080
374106
827
1448857
206
202
76517
260714
2042961
1031542
28898
1813019
1848766
2505970
449520
497724
488546
28196
2321111
2321114
2321115
2321187
2321113
366522
2618290
194424
65553
66821
44674
210
35817
56877
76936
1591088
37372
123841
29419
217
35818
2593540
157268
213
138563
214
104628
212
135569
32025
844
269261
2646778
2779528
206403
2740515
2623549
202747
1176482
2740405
39766
317658
2740404
148813
2624044
2706014
2714855
291048
244787
2632186
1424653
637389
990288
743299
243159
380394
637390
2614801
1232575
1069642
765869
264462
2220073
2231053
2748865
1184267
960
862908
2109558
1915309
297
1921087
1921086
2593676
54571
2710756
1969
285570
629295
2496836
1827580
1888
2014920
38300
83291
67304
379067
47763
73044
2653200
2548456
2763006
1413221
1535768
1915
83656
193462
67581
1932
68270
29303
1927
348043
1912
1898
2184053
68210
1038928
67345
2049881
1226757
45398
1950
33903
1890
1885
1783515
362257
68214
35621
67267
68570
2282738
1901
68246
68209
1176198
33899
66871
66425
173860
1940
146923
51201
40318
1914
1893
1977088
1889
67305
116188
2686304
42881
1907
1905
1904616
42684
68278
68223
36818
68249
1077946
285450
553510
1960
665007
1616117
2174846
1169025
28894
1967
66892
2662397
1690221
2599401
80860
132473
53451
67296
1355015
66374
47716
1477431
1437453
68192
68280
188770
1971
58346
68202
68175
68203
48665
408015
67258
67351
1642299
75293
1929477
33900
92644
1930
1916
146922
1906
1935
285473
67260
1928
67381
39478
285530
1904
2633591
2066
68173
1894
2643834
2126346
2609290
162426
104336
273677
82380
1072463
370764
904291
743009
2614638
2033
36805
84292
2541726
2509458
57043
2614639
69362
273678
936337
1526412
300019
199592
2639701
589382
453304
2509455
2080742
2609250
110937
1671680
33888
33887
59737
145458
257496
2035
69373
2663824
1575
150026
28447
2626594
684552
399736
2615065
1935379
1784719
2621730
2714934
2714935
2714933
683042
2632331
2079791
2419774
2680006
2649013
670052
2220095
2626248
412690
2624265
150123
2635918
2627005
2618217
2642974
2750620
2419771
2079792
2685235
674079
2621488
279828
2643261
2645362
2641148
1619308
1655489
2623385
708131
1159327
235627
37921
37928
2211210
156980
656366
1670
1275
388357
446860
2649579
71999
1272
72000
1049583
2647000
361575
85085
728066
121292
37927
2646595
1270
2620948
162496
37930
1933880
1775880
256701
37929
2627139
37923
43675
85336
2047
172042
396015
169480
2689056
2634190
37931
43663
29320
2632435
2629769
2626589
1618207
556325
2634694
1646
372663
139208
2624466
1710
186189
2509459
2626399
2620175
1708
1711
2566013
11
2729175
2638618
2619021
2649176
545619
262209
53458
857417
2649294
2637926
1690220
53358
443156
2643346
2663846
2615080
1288636
2593973
767452
1078471
247333
1758689
2614124
33889
1703
199591
273384
629680
358099
1136497
2623841
556288
1331682
43669
2017484
2017485
1630135
1667168
472569
2626815
2483799
1274
2643059
571913
2649892
84757
2626367
2648503
60920
2645534
1133546
2649508
100225
1863
1276
43674
2039
1797
1791
758802
2636767
1772
36813
36814
46351
370526
117567
1771
212765
1286181
53462
39691
1800
1286180
216929
1792
1804
1810
39692
134601
1249101
39695
146017
39688
258505
28047
1793
1794
444597
1534349
56689
1431246
319706
126673
319707
1766
67081
1799
1534348
39694
110539
39687
85693
2487344
2642494
2249310
120793
1778
1552759
482462
77643
39689
43348
1389713
44010
1768
1775
486698
169765
110505
398694
29311
459858
590652
1789
386911
2094119
1769
1781
2492438
1809
133549
265949
261524
28045
36809
1578165
1774
83262
404941
1520670
1788
29314
1118379
875328
1069220
639313
192944
37919
1830
43767
1829
99653
1828
300028
132919
38310
103816
1833
334542
262776
191292
1500843
37326
2637762
455432
135487
37329
1824
228602
480035
37332
2382165
1823
37330
2213200
2624378
191493
1725
1230998
36808
1032851
225326
38305
575200
1727
1223514
2079535
1072256
2080740
349751
1121358
89154
441500
38302
191610
1737425
1404244
2594913
156978
38289
43771
152794
401472
187491
169292
1231000
161879
43770
136857
39791
38288
38304
203263
146827
156976
43768
2488819
28028
1050174
1724
161896
1705
65058
43990
1471400
35757
161899
38301
161895
43769
258224
42817
2079234
2080757
1862358
1979527
1408191
160386
1717
1697
38290
571915
1719
1718
1721
43765
2684406
2506452
1652495
2719119
35755
2657482
84595
2420509
2055
1136941
2054
1004901
36822
84096
1292359
158898
2617939
139021
546160
499555
2061
57704
2645312
286802
1528099
2617518
47872
47865
47857
1914461
47853
1881
307121
47858
356852
1877
299152
285665
261654
1003110
299146
47875
356851
709883
291594
2294034
479978
47850
2626549
196914
113562
1867
1866
624315
1076124
2631981
227318
168697
168695
2630859
2619320
2736640
240495
2074
2618356
1814
33910
1804986
129921
31958
208439
1852
632569
40988
40989
75294
40990
103733
2593673
103731
1836
2665642
60894
333966
2646250
543886
211114
1470176
340345
2644606
1612552
42197
40567
1586287
43357
860235
2636053
530584
2615069
2589074
2518370
2712223
433659
449461
1643322
200618
2558918
419476
450734
2045452
2518371
402297
1804624
2633570
1736691
2041
2079793
2662028
219314
2045
546871
642780
2621872
75385
2619695
546874
29405
630515
1285901
1332264
399497
2635419
1610493
2161816
556499
1744
119981
2608905
1748
1749
2057246
675864
2642922
2717326
2662260
33010
33011
1747
1750
2633994
182640
1544730
117157
2593643
2656914
93944
2001
2632669
2006
35762
2626254
46165
2020
2014
280236
53437
2649073
2021
2635841
1861
477641
138336
2632575
298654
1859
2716812
106370
2609248
52771
111015
2560010
52774
2057800
675090
1656
2057743
2737173
2321394
1655
1960083
1659
544580
1852377
1660
52773
2691889
181487
1282737
2623556
2630174
1661
312285
2692119
178339
2631020
28264
1302235
131112
2609299
59505
2051
1912795
82135
2624397
419479
53461
2618968
1090615
35760
158787
216816
1694
77635
28025
1681
78448
1680
1689
1685
1765219
33905
638619
1683
1603886
1684
1686
28026
762210
2020965
1691
1687
78258
2702
2792978
78259
304895
283811
131568
2629395
414996
1891644
28049
1884913
1884905
1884914
1884907
1884904
573600
1884915
1884634
1884916
2637691
49319
42256
2051957
496014
191495
2627773
2789776
467094
53635
2648737
84112
1335613
471189
446660
2636013
1870985
1531429
84110
79604
1944646
84163
2638792
1805478
604330
133926
1871022
2003188
1382
74426
33871
2649358
1670831
1670830
185979
33932
86661
653685
450367
189381
1408
561879
1664069
1670641
1742359
1397
324767
632773
1783501
1471
79883
218284
46224
38875
1441095
1413
1547283
1476025
1792192
1479
1925021
1404
1402861
412384
86664
2675274
152268
79885
199441
79880
86665
300825
2598861
129338
2642459
1422
1505648
1921421
33940
213419
1478
228899
421767
264697
1407
2502791
2698411
2099786
129985
279826
1740721
1193713
1215031
2636778
28031
1421
2086577
1145276
746691
182710
2052660
2620237
163877
1482
2017483
302167
1473
1398
665099
859143
2639704
247480
294699
33934
198467
196180
255247
1221500
386490
402384
45668
1570
2614679
1472767
35841
1230341
1295642
1426
153151
2625209
2628296
2651280
2283160
2636677
2636913
33936
1532552
1449
2594883
1467
2213194
1028381
185978
61624
2704462
44251
2704463
49283
562959
1126833
79263
375489
1870820
169760
1406
248903
2495582
365617
682956
414771
162209
2509456
2044880
2707005
1619311
1462996
160799
1178515
1473112
44250
189425
1616788
1338368
1401
683737
1778678
1464
189426
172713
198119
1712516
528191
159743
253703
128574
1763538
59893
59843
2684853
51101
1393
54911
1465
54913
2636738
2674991
2507935
377615
2583377
55079
1471761
714067
1380685
2490858
2026
37482
405212
471514
2622400
1903704
1214604
2055160
33943
2677223
2662419
1038856
1499687
200991
1176255
192421
161360
414778
1302659
1215089
1374
1598147
2647733
1571
298596
1474
1476
76853
2637870
51173
367743
459472
417367
2642018
2644826
1650
1508404
241244
2617942
1282
1280
1283
214473
1288
91994
2815305
170573
155085
45972
2044912
29388
1290
29378
28035
70255
1294
33028
46126
2282419
1292
985762
29385
1295
1286
308354
29379
1284
46127
29382
29384
985002
29380
2781774
1654388
1281
61015
246432
1461582
946432
69966
1855823
2619255
1903056
1296
71237
42858
150056
643214
407035
1817405
33986
1378
1639
1638
1006155
1640
1641
1642
2642072
1643
2756
269673
1584
2620435
47770
227945
83683
1579
33959
1600
109790
147802
303541
1587
1604
1218494
267818
1218493
2269374
1596
508451
2107999
267363
1580
2292255
637971
1613
35787
97478
1598
227942
1633
104955
1582
47715
88233
1597
57037
1583
137591
2506420
155866
1631871
46256
1162633
759620
1629
1249
2683241
304207
1589
1590
60520
1245
1244
1246
1252
33964
1511761
33968
136609
1622
1623
1624
1605
228229
89059
1601
1581
152331
1588
33962
1138822
1255
1670797
114090
51663
187452
1599
164393
28038
60519
2203724
1247
336988
2636988
1847728
938155
1612
2304606
1602
83526
392416
2714036
1007676
1074467
1607
1610
375175
240427
176292
231049
468911
82688
1618
1720083
1296540
293371
1193095
1614
53444
1625
51664
148814
2419772
1603
1303590
2608887
1307
119603
2173853
1305
1303
671232
1302
1308
1310
1313
1309
1811193
28037
1335
1340
1329
1341
1304
1314
1318
1326
45634
82348
315405
1888195
1825069
1349
1348
1111760
400065
361101
149016
257758
113107
2021971
1345
2490633
1814128
102684
2382163
1343
1917441
33040
1311
1346
197614
1363
1359
1358
1366
2419773
1151742
2643510
1364
2749961
33945
160453
1351
37734
1352
1354
53346
53345
118060
1805431
44008
2005703
417368
2608891
1353
357441
2571750
218144
2714946
2648499
519472
2714947
633807
51669
290335
526944
33970
119206
1376
51665
1377
87541
128944
46125
2036206
2748
257487
2751
147709
1868793
2496265
1868794
708126
2621505
29394
2632303
73918
28033
1297617
2610894
2086584
2060094
86331
178898
1981510
853
292800
2643836
2629304
351091
253239
1550024
1677857
288965
1515
1796620
1161942
1264
1160721
2608920
1521
2488810
84032
1510
884684
236753
2093857
2614128
36745
1491
1520
1502
1501
1534
169679
1492
1716543
36845
84022
238834
1497
223919
1513
1488
1493
217159
1542
1519
29341
1561
332101
94869
1494
394958
46867
1548
1216932
1509
1504
182773
2068654
1538
84023
154046
208226
461876
2638829
2629145
1424294
2633479
1498
2619470
116090
471827
1564
1565
1833852
59610
79209
1563
339862
885581
49338
142877
36854
233055
102134
55583
2635733
1712410
51197
58138
51515
863643
2734
2648079
33035
40520
1912897
1322
1871021
89153
29347
2608895
66219
301301
166486
2696063
2642604
433286
1679721
84030
29370
208479
1531
1229621
105841
649756
831
185008
43305
410072
116085
2684943
33038
33039
29360
2643091
185007
39488
28446
39485
617123
2649046
626937
35701
356322
1736
29322
53442
2624479
2041044
2638182
33952
2619948
2626894
1115758
1507512
1496
1731
1505
89152
1490
143361
1511
86170
863
2293317
2173034
44260
42837
85874
2325
106578
108150
2636821
46354
583357
161154
129958
911092
55205
44001
1222016
2622462
52766
31899
717609
52765
413889
1517
2622527
47490
29329
252966
184064
1794699
2640322
31909
2331
656519
1323375
42422
28187
2316383
499229
291990
2751313
375929
2637378
69823
971
158847
437897
865
2629460
365349
2377
1930071
907
2144175
2161821
39950
248315
29466
39777
2682456
39778
905
187327
2639160
33025
1555112
54006
54005
1852373
1260
33034
1870984
33037
33033
2638726
1582259
45497
1278232
1556
2816908
1852374
1702221
1522
1547
2624170
1514105
1648
225084
2485784
2487118
2704656
39483
2583452
1982626
2638206
154288
1871025
243899
2626047
32046
33070
2627006
59930
2622553
146786
32053
292566
2650499
1184
1209493
2619029
1219
2627481
2593292
155978
1173032
2640012
1158
1155738
1492710
44471
54304
1205
35823
2596745
63132
2023214
43988
241421
1125
28070
92682
2546365
263510
1453359
669357
102231
268175
102234
2593658
92942
272131
224012
1306274
446679
264686
374162
142864
2619674
1165
1164
264691
2619626
1973486
938406
32054
2618749
1397703
109266
156213
70799
289435
136073
2622029
1166
747548
312883
494603
2676603
1197
2649714
33071
54299
54308
2642663
102116
1188228
1228987
1763363
2623546
309887
1768108
502394
1211322
317577
2202254
432329
980427
68909
1182571
1299
310783
1309411
55148
1182568
274
271
2619321
56957
37636
56956
2483360
456163
52022
277
172827
187137
186192
332249
85002
500
120961
1107
2601677
1806508
167964
2635759
913107
1986204
133453
1839801
552811
1536648
61435
237581
2509675
525904
1005039
454171
2683645
656088
2116
28227
86660
2118
2096
2099
2123
519450
92400
2104
50052
2121
45362
45361
141391
2124
2100
29501
2120
2111
353852
142651
57372
65123
2098
1612150
142649
45363
51365
29559
2128
136241
984991
2097
29555
2112
48003
171285
114885
114881
171281
29556
2110
29561
171282
114880
29553
28903
2113
76629
2109
142650
171284
2107
171279
2094
295596
42094
134821
2130
1609546
315358
2637901
216942
216946
216931
2136
362837
2138
216935
216934
216933
2139
47835
47834
2145
324079
216938
216944
2143
216932
2134
2137
216937
2151
219745
225999
2149
138853
216427
214888
74700
81459
2148
29552
38986
61635
264636
85620
85630
85632
85625
1541959
114
1210884
2622970
2528023
2774151
2598579
692036
2528024
2650471
2528009
2528022
2527972
1400387
2528010
2795974
2527979
2528021
2527990
2528017
125
2639138
2527984
980254
980251
2527968
265606
1331910
2527974
406548
1387353
466153
128
2648843
2527983
2527978
2605989
122
2527976
2527971
2527973
2527964
2608982
2528026
2527989
2527995
1891926
119
2528027
2528019
120
2527996
2528007
2527994
2807512
547188
2528020
1851148
1941349
1940790
1936003
174633
2649488
107709
1838286
2576891
1796921
395922
2625155
2736
2711230
2728835
239935
1679444
2730359
2796139
1704307
2628272
431057
511746
1307763
389348
362787
83552
2643326
71667
83561
340071
810
1930593
89966
323449
1379908
299566
1649474
107
120831
861914
105
455076
978
2173039
319458
2676247
861913
1433993
396811
390846
246875
68288
280472
232244
290180
59739
281119
273135
869806
1937972
237
1016
52959
292691
252306
286104
363408
111500
153265
104267
252356
104264
225842
290174
76831
2058174
326319
291183
143222
221065
261827
1209327
762641
178469
83612
1287916
1518147
527198
283735
358023
112040
379070
393005
343334
389486
1176327
2045416
2049301
336276
1535231
379068
1649495
417127
244698
444459
216431
2700084
2715289
444051
1204360
49277
2782232
308865
1778601
59734
1433995
28250
34084
1013
59735
501783
34098
267986
2828338
332102
1940138
336809
1755829
79328
354354
649461
2698688
398041
379899
1860196
2812019
1874621
1769012
1004301
649460
239759
816
838
577309
1283313
2815786
2518495
1918540
195950
375288
836
909656
307628
294702
156973
397864
1348911
574697
283168
346096
1970191
2760873
1471399
1193324
2060722
29549
146919
423349
84567
28453
1773450
929509
1649482
376469
2349
1007
256319
274493
1101
100715
1457365
1134403
795750
861299
2646123
173480
1379270
833
459349
2602070
1617967
682795
1198114
926566
1592106
401053
240015
2763107
204669
2703788
2763071
2211140
234267
1473598
1855912
981222
981385
42253
1325564
1715989
1936990
180
178606
1660083
2715679
545694
906968
2766701
2787628
1539298
120683
69713
545695
138851
744872
58231
744515
1291379
999426
999431
999432
869209
162
161
221027
665571
869211
889378
760011
158189
158190
1307761
573413
252967
2518645
1313295
47466
143
1408429
2608247
29520
412419
1104446
2761123
1964448
29518
62088
1674146
139
29519
521010
408139
293071
2564040
312175
214675
90062
211880
145259
28184
1137606
508536
869212
1161918
1042417
1133568
159
1287055
526224
1045858
651822
584708
1197717
525903
926567
885272
891968
580340
572547
2026885
1332188
2093823
1551504
2715734
1408159
1157948
1157947
1408160
2336
309803
390874
1123384
688269
416591
771875
381764
310769
2423
2814656
484019
46541
1236046
660470
1330330
521045
2108365
443254
1545835
403833
1006576
1441386
381751
75906
638303
224324
1632019
608538
380749
436114
204536
123214
1298851
648996
868864
2047767
1936021
667014
795359
289377
2234087
1653476
76857
76859
76856
155615
143387
2764326
671211
856
469617
1307442
1307444
469616
2663009
469615
860
285729
572544
712357
1785996
712368
109328
523794
157687
554406
157691
526218
34105
187101
157692
880073
139438
717231
522772
768670
639282
653733
1408281
1408204
445932
515635
309799
693075
309798
1235284
1235283
2642239
29284
337243
2247
2743088
755307
2634974
1048396
1547898
1816183
660522
35746
2252
2246
114529
699433
2629969
60847
293091
2055893
1198301
869886
869889
2634096
416273
2257
2624677
1932004
2238
51589
146826
430914
2621901
2610901
57705
2648975
1457250
1407499
2668073
2242
2639520
2643768
2648404
413810
1873524
1604004
2583824
2631942
62320
2675099
588898
370324
121872
2622230
69525
88724
69527
2633955
387341
745377
2044521
387343
29288
2621923
348826
61858
229731
13769
353800
44930
2198
83986
2201
54120
2315
358766
882104
475088
83984
2203
2208
1715806
2644672
2210
2209
2214
418008
38027
170861
2215
39664
2177
2176
2226
29291
536044
101192
2322
39669
301375
2223
2224
570267
1175445
1175444
246969
2016361
122420
2598455
1042877
2008440
2016373
1674923
72803
1293037
71998
1432656
2586643
593117
49899
163003
54077
195522
69014
1712654
1505907
71997
53952
187880
277988
523850
391623
523849
582419
604354
54262
529709
1183377
342949
272844
2261
70601
1609559
1343739
230361
2638681
2173
83816
294671
2162
868131
118062
877455
59277
2631116
145262
145263
2643926
2317
2180
39152
42879
2187
2188
155863
67760
83171
73913
2190
1301915
2641196
2189
2624956
387631
693661
1344584
224325
572546
113653
589924
190192
1937005
1937004
2259673
1470066
1959104
1470067
1582439
2508726
1229909
1229908
1580092
436308
1898749
497727
1034015
1459637
1826872
1353260
1798806
2045011
1603555
1846278
2259672
1903276
1410606
1874277
70771
1104324
121277
13773
2277
181486
184117
2271
76887
164451
985052
2269
1365176
2620628
1550241
56636
229980
160233
54259
1200300
2275
94694
2280
84599
54254
1273541
54248
54252
2641160
2285
43080
41673
312539
282676
563177
2283
1006005
1532350
79601
69656
111955
1294262
1670455
41675
2287
2635519
242703
200415
683846
374847
1291540
1577791
1406512
273075
273116
333146
74969
263820
1673428
439481
673860
2282148
1920749
2594042
89593
716546
4891
34346
5267
162474
5234
6033
423054
5820
5864
5873
340080
33847
38748
227086
1286322
5690
5782
2898
464988
55529
5741
279303
1109710
1647475
2719575
1327959
1524882
1647305
2656534
2794947
658401
1109711
1414737
1647476
1458831
10702
1690818
2601610
981330
2315704
1647304
1647470
416419
2517971
1647472
691963
754066
2182360
984175
1647474
1664246
1887644
1838072
1821559
1805457
1821563
2591211
2591031
2593268
2599838
2599845
1527493
1109717
1308863
1109712
45764
2315475
1089121
1838062
2283304
1071177
1414742
1589748
2729575
2126925
909297
984186
2743909
1538804
2250336
2571253
2557579
2250352
2283249
2507858
2507854
2488789
2419978
691966
2696356
1458863
2742114
747763
753085
2686278
754053
1643326
330398
2656526
1647471
1964565
2591132
370623
1868596
2608321
1647309
322855
2601626
2599852
1327037
319522
2759389
2656540
1983555
1327970
1838081
2761110
2562717
1993872
1195070
1034114
1034152
2562522
2560593
2560591
2315863
1982898
1982900
1623295
1982897
1982899
2562661
1089129
373405
1211282
1089111
1041807
1034136
1211281
1993862
1993863
1993865
1032892
1993873
2733155
2733152
2733153
2733154
1982880
1982881
1982879
1982895
2562663
2560504
2562660
1034112
1983734
1623277
2700041
1983735
1983744
1623301
2734220
2734219
1993887
1776684
2560792
1211643
2171586
1982084
1982080
2170239
2520510
2315855
2734266
2734267
2201166
1034137
2170253
1982357
1982358
1623280
2169633
2169634
205879
1034111
2233782
279383
1981048
1981049
2734268
2734242
1623285
2762717
2560595
2570373
2560688
1982747
2301302
1982746
2734243
2315856
1982102
2734251
2560847
2560848
2560509
2169611
1982563
2219090
2560513
2169635
2169636
373407
2201169
2560506
2182400
2560485
2734217
2169652
2560502
2041855
2560719
2560590
2560359
2560778
1982098
2734227
2744421
2560303
2560298
2560492
2734264
2744423
1982560
2734263
1910991
1910993
2734280
2734281
2734252
2734254
2734255
2733156
2733158
2560782
2560489
1982241
2560487
2560490
2560497
2560511
2560493
2734239
2169870
2169871
2734272
2734257
2734258
2744481
2734249
2560784
2560625
2734279
2734215
2734225
2734226
2734236
2734241
2734276
2734278
2734292
2560588
2560494
2560500
2560501
2560505
2560721
2560407
2560608
2733160
2733161
2734218
2734230
2734245
2734247
2734250
1982152
1982369
466052
1982091
1982087
1982373
1982374
1982375
1909389
1982151
1982261
1982265
1982569
2050979
1982237
2560503
1623275
2560650
2734262
205872
2560139
2041859
1982363
2734214
2560360
2734244
1921712
85154
2734238
2734237
2005060
2734231
2705462
2734229
2560514
1921117
1918720
2734275
1982567
2169651
2560785
2734284
2734286
2169613
2560484
2560111
2560387
2560388
1982561
1982228
374422
2734291
36343
546805
1007869
2201420
1493510
2593333
1913591
1273754
1273755
1161927
2589665
2024252
1124849
2713256
1458860
1026955
1883368
929833
1567487
1079999
1003177
2547425
445685
2767570
2596673
2588520
1503929
445686
407392
1892568
227470
1985325
1914165
1913652
1985329
1985328
1198137
10663
1913654
1913653
1133560
2006134
1980948
2560300
2594900
1980923
2732982
2732983
2578230
2732972
2732974
260373
1966265
1914852
1914850
2508196
1198140
1985293
1984784
1984783
2560302
2562722
2520516
2734089
2560286
1980925
1980926
2734129
2560700
1198980
2734130
2738374
2752533
2734115
2560671
2734111
2560687
2169882
2169883
2734080
2734081
2560244
2560261
2734085
2560086
2560752
2560400
2560628
2752547
2734102
2734109
2733109
2734123
2562339
1980944
2738809
2734158
2560680
2560676
2733139
2734150
2560337
2560336
2560834
2734147
2734144
2734143
2752794
2734141
2734140
2734084
2752797
2734136
2734122
2560540
1980947
1984796
1925780
1922212
1921704
1984777
499235
431894
1084719
2560474
2590948
2713257
2590877
1188795
2053812
754069
2053723
1131315
2565510
2182408
179237
2708562
1417599
1622116
2315703
1235689
1563661
2583039
1054968
1526550
1461743
2108116
2053813
926066
2604899
1881421
1978007
644524
1195073
242527
1136535
2560611
2529391
2529390
1922330
2184035
279280
2734260
2560658
2560692
2047764
1231360
2734187
388452
10752
2734191
1985720
2732686
110456
2732677
2732683
477967
2732909
2732929
2732930
2731677
2731675
2733956
2733922
2733941
2733892
1985736
1985734
1985730
2733939
151528
1920774
2733946
2733945
2731928
2733920
2733937
2560657
1415145
2572874
1911929
1922327
1921016
2560335
2732970
1857846
2732969
632112
1857844
2041210
2510941
2560112
2560156
2733998
2733999
187218
2733996
1978922
2555548
1636182
2099338
2267403
2419930
2601680
2169532
2169536
2731622
2734031
2732068
2560227
2734037
2732062
1920866
2734029
10294
10319
180252
180255
10358
10365
10397
40272
548689
33706
10379
10375
548687
35249
548688
180230
10401
508441
389214
1513231
1349409
2107708
1349410
2107709
1605721
2107707
1450746
1903266
1100043
762905
1262528
1273751
1262530
1273748
1273749
1273752
1454028
1592101
1391455
1678078
1500510
1758881
1932881
1685767
10257
2733300
1285599
10260
10278
10242
2733301
573055
2733302
10497
10491
10487
10492
10494
308906
1813598
1421067
999883
113366
328613
880158
381899
46021
322019
346674
2023057
1474867
358403
37665
181082
2501774
985782
1513235
413684
130310
130308
2015370
1962299
1146873
1986017
1986019
1986022
130369
2015375
2170000
2170002
108098
1548417
190064
2003673
1557035
1154689
1282967
2049890
1172985
1983570
11103
2008770
11083
64319
39686
2170088
2170085
1985360
135246
84589
45103
1758139
2316740
327106
12163
1653394
2560196
11572
2560074
2734594
1972611
2733252
2560069
2560080
186536
2501931
2501984
2508228
2499603
2507288
2170030
32620
185017
397544
42631
48201
1247114
1906170
2560353
2560390
327108
1765754
10882
10979
10985
2169857
343865
1923146
1923493
1923186
1923655
1922431
1923422
1922703
1923541
1923487
1922745
1922602
1922742
1923336
1922448
1923671
1922896
1922901
75914
1500866
1088890
11646
10449
307461
542343
566270
1346829
1307956
262177
46242
28288
307467
10456
332054
224399
74660
208973
1592335
1307954
98383
1750712
1986290
56947
2169615
1921823
333750
334211
1507401
10806
367850
932070
263793
1618233
2011080
2734333
2072209
1654582
2057187
39640
53988
419435
342409
346883
346884
351054
2776735
1619215
687342
1123964
858422
40137
531813
33047
35806
92945
88688
80869
757424
847
942513
40216
28090
283686
413503
1920116
1334193
623
28151
614
552
118117
69223
204039
636
569
587
582
114185
2785913
402882
2490635
43657
654
29494
672
777
34067
28110
1869285
1541743
1972134
209841
85404
729
727
732
731
697331
45498
1923
68242
394098
165096
227388
216945
324078
85628
409322
64895
28183
174
93466
2676525
160798
859
2234
2684913
498374
2301714
754044
2250335
2218618
2003504
2560488
2170254
205875
1982256
1188794
1982153
1982219
2734253
1623292
2734271
2733208
1623284
2696379
238854
2733124
2734096
2560689
1737463
2733115
2484217
1128071
2560132
2169963
2732920
2732933
1910931
1980928
2175602
2733979
2732016
62098
97195
10537
1273747
2560252
332096
10454
58094
1986291
935650
1507984
512792
71253
122866
1178537
271881
2685106
150055
1433513
2633649
29323
413888
1287640
1541975
171632
92401
538220
33923
2133
216936
1114980
215578
1120045
34021
281
1933911
803
190650
1179817
543891
1840323
152500
312153
1449778
935588
2661583
669502
545908
1329969
2730846
1848517
2742646
1905288
640131
2807631
2742662
2742653
184912
2683822
2742659
290339
1286170
2577118
2603836
1358422
1446701
2778655
2778657
2027293
1050617
1302410
2675774
2675773
1401254
631
706191
1095774
98795
2315801
1241835
118109
2518974
668607
1224152
561231
598467
2027290
2633465
63612
2661587
1416915
693970
399599
693973
316275
80852
434270
716
1433287
1222034
1275971
1263829
97084
999434
545776
142
1155096
412418
498738
445984
445985
176
44275
338215
126738
590168
1307443
157688
2703941
58024
2510508
2794946
10704
2301621
1873985
2713262
2662138
754070
994601
2283267
2041344
2026102
641487
2656529
1414739
1131316
1587907
573591
1582151
1126885
1105171
2662295
294382
741942
2599849
2059855
2079417
1500757
1161901
2725616
1718278
437329
1051143
1225862
540068
540065
1993876
1993867
2560512
205876
2306284
2560783
2049886
2560594
861047
466051
1954378
1954380
2734223
2733202
1982251
1982093
2560496
2169812
1982751
1982562
1920751
2560589
1636203
2734283
2560683
2560787
2560788
2560842
2560720
1982229
2734274
1982368
2560499
1982378
1982078
2734290
1406788
329254
2733205
1982106
1982239
2560486
2734261
1982554
1982557
2734246
2448213
2169655
2560703
1910992
2560656
2115965
1498228
1173297
1129194
2023998
1150991
754074
754058
699370
1278479
1279082
1567014
1880590
536453
536444
2588094
33771
55884
2767579
137511
1560342
1458861
1913650
279006
2006136
1914851
2201163
1980950
2560301
2733083
2733081
2732975
2732985
2169990
1985292
417280
2006171
1636618
2560802
2734078
1984787
2560849
1984779
2560269
1921525
2734116
115987
1231361
2734128
2752521
2734101
2734083
2734088
2734106
2560406
1921407
2560677
1918727
2560094
2560495
1987158
1983541
1636270
2725606
948071
2591033
2596674
2734259
1982591
1982592
2169962
2734190
2734189
2170216
1982596
2734160
2734159
545932
1917990
1918010
1857843
298338
2732968
857312
2732932
2732931
2732694
2732693
2732690
2732684
2732937
2732939
2732918
2732925
2732913
2732912
1316739
2733951
2733942
2733928
2733926
2733919
2733904
2733896
2733894
2560297
2732017
2560651
2560546
1527770
1785960
2584487
1262513
2731621
187217
2732086
1920860
2733975
150286
317878
85655
2282206
261939
1273746
1454029
1592094
1859492
2010275
2005509
10275
40070
10265
10282
2733296
2733297
10506
113370
1146874
536079
129953
1146875
190062
32613
35303
1513300
11271
2560076
186458
2501972
1883068
1921703
1435457
1884456
1980533
1980517
1299308
229030
1416026
2030954
349945
1206566
339419
12151
312273
71030
312008
445435
1324959
2364281
11041
35279
2008769
39734
693995
325675
2508223
12270
12258
51354
1821751
138950
2003649
115232
12211
526119
2065797
282786
1714367
1148491
10912
10892
10981
10879
2169862
1923244
1922770
1923634
1922692
1923335
1922696
1922769
1922551
1922860
1922547
1922634
1922789
1923282
1923687
1922529
1922922
1923630
1922377
1922361
1746058
1608133
325348
172220
107324
153137
161494
447897
166921
1962501
320432
271108
1046267
1642929
207830
101850
70600
51313
10464
359919
166056
362830
307444
307454
130556
1233675
223321
71186
1910929
2170140
1379712
325455
325454
333938
2170410
185880
2747321
2053981
1128424
10484
379529
2493124
2419666
1868660
1932713
2023155
224911
258594
2696058
2740298
375451
234826
1840301
1840297
2082385
257310
1247414
1236608
2565559
453602
1934254
2742647
2742674
2773706
861906
2810405
2675796
2675790
118099
634503
529507
383749
127906
263
1427364
197575
1304890
246195
47874
2636055
29554
243275
160
498743
759914
1266923
1176423
1701828
1109713
2178923
906669
31754
2126933
2283265
1239381
1567453
1647473
1097754
1195075
205870
1993879
1982096
2201441
2734256
2734221
2734228
1623278
1982240
2169612
2734213
2560158
1982365
1982092
1921713
1981023
1633149
2560395
2560161
2733170
1982575
2560220
1982570
2448216
1109716
1982236
2508071
2588093
1262527
1883374
1883365
1985303
1980949
1915208
2752534
1984776
2734127
2734142
261726
2560131
2734156
2594891
2733098
1921705
2557554
2712958
2489597
1921187
188350
440250
1857845
1918721
2732689
2733918
2733938
2733923
2731935
2733959
2731981
2732927
2733995
2560233
2732966
1073767
2733978
317858
320884
756285
1273750
1592100
1590154
1391456
455364
2065215
10286
190065
513550
326574
1985362
164416
59563
2169998
116056
154339
1911600
228582
2499607
2732908
12777
12844
12196
358104
145856
1299306
675845
2560198
1004049
2138326
1923345
1922768
1922593
1923350
1922680
1923612
1923154
1923626
1923486
1923650
1922713
1740646
2164101
1565088
10455
1987479
2169746
2072024
128941
2169739
1985403
2170113
1513201
2747320
2011078
270161
300186
687355
1619220
285013
523909
935547
1121028
453842
320483
360910
65699
2742661
2742671
2566012
2048776
566546
2773705
1938820
2518975
1157951
452803
190893
1160720
1288394
1675689
47735
545123
53558
140
476211
1437364
1462747
1583098
49928
55802
2591131
2653750
881953
2725614
1572712
1887643
1691958
1573458
2315217
1056831
1097753
2003502
1034150
462590
1074304
2022449
1921544
112023
2231643
2560394
2560144
2560508
2560596
2731208
2560124
1921553
508419
1921123
2734285
1623287
1921119
2267238
1982258
1734382
1913109
1920754
1920755
1920762
186846
680277
2749430
1283076
1340810
2560751
2169624
2734117
2734103
2560833
2733136
340435
2734145
2560452
2733130
2732685
2560202
2731676
2732924
1161935
2733927
2733952
1985729
2732928
2560686
1985181
2732971
857474
2686437
2026949
1920865
2732013
1232637
1987509
1980421
11024
2201042
253702
64290
11102
1307802
1921557
2499606
2170191
92395
908833
38062
1923639
1923110
1922670
12450
1732179
39420
315393
130328
1307957
490711
1850906
2083176
1367203
1129034
77647
858511
2003313
1588048
325461
1506574
1352227
1655662
1546257
1983545
1149875
1797140
1031710
1170710
1429399
491
2675711
2742649
2488567
2500543
585055
1392854
2675777
903503
298657
1419584
651
123812
661367
463
1795
1963032
2628837
2766470
1532
290434
547144
889953
1282995
756275
560178
294631
2591212
1755689
2234106
1921546
1921547
1034110
31757
1051140
1225861
1982259
1982277
1982107
1993859
2560592
1982360
2733159
2733169
2734216
1982100
1982148
2734282
2733220
749413
1357714
115991
446807
2734104
2733095
1636617
1298971
2599764
2169868
1920765
280701
2733903
1465639
1564096
2731623
2560145
11286
1592572
1000373
2508240
2501963
66834
1920698
41764
72750
11085
2056885
1923755
1922563
1922554
1923083
1923275
1922715
1922533
1170425
1608440
1586712
2733298
298334
1714272
1592576
208013
111874
1396815
2304198
1840257
381666
430531
1437443
2493109
924
1449783
115714
1242245
1049565
1284804
1392500
1006551
2675713
1463164
2742632
2614656
585397
2778654
1603259
362663
2799495
424718
1224148
406817
1777491
693974
747457
326442
452804
2661921
400673
1293501
646
1249526
119857
650377
45462
1373
255248
1940789
2115
1292392
1435045
1293575
519049
1081646
445987
126740
77133
2254
2625095
2627676
2283303
2601686
2301561
382685
1777122
1147042
753084
2099336
2686246
1589270
1476887
1412875
1176422
2652414
2686266
1042123
947980
877240
754067
2250371
2488571
1698369
10724
1560313
537874
700512
1921545
1993861
1993884
685506
2560786
1921548
1173754
1982750
1982287
1982089
2734289
205869
1982083
1981027
2219214
2560705
1982238
2733171
1129146
1982243
1920752
2560471
1982154
40631
1982225
10719
1982111
2560307
458639
683735
2419618
756280
1864622
1127518
1493513
1458859
331278
2588518
1567013
1913651
260149
2006135
2560305
244310
2006169
2560095
2560463
2560436
1980945
2560545
10683
2734095
2560435
233894
1912143
1925779
977801
2662127
1784982
2546626
1984798
1987939
1987941
2562667
2734188
1982595
1920763
1918525
2732675
2732688
2732938
2733962
2560679
2731958
2733958
2732926
2731674
2733965
2560334
2560332
1857889
2169534
2734036
1920864
2732064
2560539
2733997
2732038
2613861
2501997
39718
35323
2169701
59301
2162642
1908808
1682187
31770
184751
2008761
2008763
2170086
328429
1912598
186844
694017
90010
1534549
1511805
1093901
114921
2056161
796352
348449
509923
160484
699180
441999
939922
349681
399394
1755792
11002
1634914
153057
1923651
1923601
1922556
1923531
1922784
1923241
1923155
1923701
1923369
1923778
1923153
1183239
1327968
2010269
552509
212035
10270
1146877
1986024
1557033
1723446
38012
134394
1563660
1580580
1675866
936061
1608323
1511911
1297645
10837
1985399
1987743
1676182
309181
537009
304222
1732177
437444
687345
2630218
2420300
2742641
54736
470934
1263550
314275
24
579112
2016517
715
487
486
521008
173
52584
2631113
851
1445727
1071502
28369
1299429
2560791
2560150
2594692
1623276
1954379
1984800
2609909
1987940
1273707
1920753
1493509
1980941
1985285
1980937
680114
2035708
269145
1922752
1922736
1923091
2052685
2169667
398578
935590
29447
2730849
341029
2742677
2716879
1055537
2814546
1355100
1282357
1454377
1225785
2730357
1610576
332186
2661922
297245
262727
1302858
314724
43687
74968
2743924
2656547
1965482
1147044
2652415
1873341
644007
2072797
1821553
2599848
2753656
861044
1086751
1089135
2283289
546185
225588
1982108
1982305
1982303
2170234
1623302
2733203
2734269
2733216
2560623
2560392
2734235
2560333
72638
1623303
1623293
2315527
2557553
2704031
2752535
2560434
2182344
2734133
2560831
1915209
320122
2734134
754043
1529058
2316154
2484218
1357732
680287
2732589
329158
2732691
1273711
1197951
2733931
438482
2733953
2733929
2560655
2733943
2732917
2732018
2650877
2734043
1234888
1911438
1958785
1986021
35324
1308858
2507291
2508227
106966
1714570
119910
945960
62059
35285
1906173
28375
79918
67754
47985
2024724
60875
2052851
2003398
12430
327107
1495316
1963247
2170080
271257
2169861
1923667
1923532
1923164
1923306
1923613
1923114
1922928
1922815
1746060
1969351
153136
862943
1916701
1891751
934800
10814
2012640
272943
2742655
2697517
1078032
401618
634499
1314868
29489
622488
68892
290341
1123383
519441
2656532
1636200
1718158
1435411
1777064
1147158
1874539
861045
540067
1089119
2560491
1623288
2169658
1623283
1918192
1982218
1921710
2734248
382359
1229760
754048
2560283
2734114
2560306
2560685
2560133
2560409
2560542
2752522
1300004
1309583
1141137
1982590
1918522
2269062
2510943
2301529
2733954
2560180
2732037
2746223
1732180
1685755
1962301
1978532
1868215
2732905
11976
1074863
932662
1239566
1239439
33765
2169999
48544
1384490
1985363
164750
2560774
1922603
1922548
1922956
1922559
1746062
2219106
268591
1675862
489830
170617
875323
687382
2508184
656025
283165
257313
242231
1463165
956149
591946
316401
1954351
941280
1266738
1004786
176102
1261126
1293576
57678
578234
1636271
447909
2599843
12348
1051138
1982272
1982264
2733162
1982370
90410
1921699
2560652
1982559
573175
1127515
209052
2560669
1984778
2734105
1980936
2560543
2734146
2560672
1980946
2734139
2663325
1982583
2733949
2732916
2731942
2731625
1685774
2170001
129954
754004
1932927
1987130
41460
12198
675060
64310
11089
148879
10911
1678173
2169859
1922726
1923674
1923468
1923009
1922571
2169668
2049955
714310
934802
2747317
2011079
2065050
1967781
56438
141
1313291
1398491
498741
864178
2588490
871584
2686474
2734287
2734288
1982364
2560427
297254
1982380
1921698
2734222
1623305
270673
347326
1542477
2587814
148943
1980951
2734113
2732692
2732679
2733905
1985711
2169688
2169530
1913605
1654355
431317
674984
31713
217686
1985357
39802
1721090
2267679
1922622
1923272
1922545
1923088
1923107
1923261
2094259
1785753
1675865
249151
134681
1194757
687364
554131
2072410
1793721
1977566
574
2576406
941323
376725
42906
725
557723
1365188
521007
1328311
2248
2494563
1775140
12417
1610509
754049
1305708
373408
1993880
1982097
1982558
1245890
1981026
2560706
64186
1982105
2560729
979525
929834
2202564
279530
10689
2006173
2169625
2560682
2733084
2734149
2109910
373126
2040655
1922329
2560299
2034348
1921184
2732676
2732695
2733930
2731624
2175117
425386
1685781
1868621
1985687
11305
1972682
1513299
2508210
691956
11983
42004
322053
1516075
37128
1501716
373373
64320
64293
12266
35297
208294
1670669
210827
2560291
198599
31559
194445
153135
140052
28300
1923117
1923758
1923759
1923158
1923614
1922943
1923781
483537
2733299
1962300
130499
1146872
78219
35254
192584
934804
934799
361731
10832
1379720
1987742
2747322
1910951
265522
92521
432587
2493107
521006
2742636
2742654
685037
199310
183192
168927
445986
1868853
1211283
1982079
2734232
1921709
2733219
2560790
1035662
1921411
1921530
2733128
2733141
942016
2500808
1985735
2733963
2732911
2734042
694581
2169760
2501971
2733246
129725
310907
1330992
2560308
1923450
1922743
1922741
1923079
1923138
1211481
283675
1891758
1949196
1529056
10479
1351702
447602
2675741
866768
1300256
592146
1420885
204619
1445858
1667322
52979
2656545
2656542
1982257
2169705
1623290
1623289
2560415
2560214
536466
1654919
1921528
2733099
2734079
2732687
2732921
503388
1982577
2040656
2169687
2732964
1955175
1519392
1926967
92444
1714618
359987
43240
341167
31732
667516
214439
2560531
1923670
1923702
1923418
1923706
1923253
1922756
1922926
1923622
1500865
1746069
2056879
28289
1513244
1985412
1985425
1977299
315953
528354
2742630
2500542
1055538
1072458
1412834
2491692
2725997
1300255
2621467
1313294
1197734
1147137
764562
627087
1739611
1647391
335797
1041406
2169873
470314
2560127
235201
1091556
1922246
1918194
37554
2732987
2079289
434346
347327
1622234
1985733
2733895
2733925
2733917
1567484
2560160
1920861
1981042
2734033
1654356
1962302
327833
691961
2560482
1932926
1714273
1350000
1926968
1323523
591166
2069326
245101
12222
40666
336962
2560088
1980538
60879
59300
300740
937809
12317
1408133
717848
85454
40276
1856030
1922694
1922524
1922836
1923267
529680
1513516
575917
333933
325456
1245909
318586
2072411
405441
930166
83333
745156
247523
345073
299422
1432848
1089116
1921711
2169704
2734265
573172
2560530
1965354
1685768
197911
1985709
2733239
64297
1985359
1685953
1678147
1330521
1511783
1431460
655314
1073966
243550
129732
1406816
1662464
1922824
1922661
1923542
1923343
1923400
1746072
373996
232380
10821
1414603
642248
2747323
687348
1036743
257311
1078021
2810407
624
1223568
1449091
476210
929835
255431
1076136
2732613
2733195
1921555
2169621
1981024
2560629
2733101
1915205
2734152
1589297
1458716
1922332
1920764
136084
2731673
2732065
130309
1335638
1985692
2733241
362246
373861
1177752
1440170
1908807
12242
348771
1985358
2560702
578107
152217
1923611
1923597
1922561
59376
1891770
1511888
2169869
2578110
1502658
1401087
1300259
390236
861
1128108
186497
424716
1168549
1476889
2656582
1993882
2733157
2733215
2169872
329156
2560665
1921531
2733086
396034
857473
2733960
2733947
2732047
2560349
930168
1233735
63426
1298633
89463
1833938
1923262
2015372
148363
1385657
10826
1925152
596995
1740162
913091
657339
2730914
2795688
1178540
457083
475178
1458862
59241
2783540
2729541
1034129
624134
2219089
1982076
1922243
31537
1982247
1273753
169683
2733127
1162306
1916111
2732681
2733924
2731671
2170090
2008771
56879
51330
265877
1386090
1911599
182093
646294
2025079
1776109
1810396
1521188
112436
59500
2025398
1167691
2320522
1923258
1922902
1922609
1923206
1922823
1923725
1923719
1922542
1923480
1923696
1923447
1923695
1922892
1922531
2301732
1746073
1849544
2805939
1810944
1529605
159252
1534553
129951
2003672
2169700
2006158
1891752
1910928
2734325
1618239
2219137
1580591
687385
266264
935593
2778656
434924
694569
1536592
1187894
1813769
37105
1036614
1993888
1168594
682370
1982090
2560266
2734277
1982099
2169622
1982556
1567012
754075
2734082
2170221
1406780
2546622
1983413
754052
2713242
2169643
1920756
2733972
1590173
1758882
2056385
11584
2507497
670883
1214459
940280
1514896
37206
1307800
64312
2170101
213633
43763
2003499
1534548
370833
260374
515575
157837
939923
186772
35269
1923690
1923001
1922821
1923509
1923300
1923073
1922716
1923446
1922900
439014
2079458
526476
35341
219744
1306546
1985417
345249
1618254
936057
1885927
1891748
1977412
46015
51677
687383
10475
1028414
925776
644356
138074
553
920
2633022
1982227
680115
2560691
1051675
1521392
1843763
10641
10988
326202
2065033
193121
1922441
1922819
1922444
67585
2493123
650121
