1223566
1325100
288000
115808
1197460
114615
1325102
2057741
1325120
2715960
1404888
1325114
1325112
1325111
376
319017
2493093
2599805
2599819
1404649
1325083
190148
1274631
1437360
1355477
722472
255045
83637
1245469
476282
1037409
1404367
1325090
1404864
1549949
1325107
858423
1325115
83627
1325095
1404768
244734
931866
1275962
2020412
2599640
1867715
2015316
1842539
1792307
1526658
316058
316056
316055
652103
395960
323097
323098
2592814
2592815
2592817
2592816
943830
1882747
504832
1333996
2613769
384
1335061
379684
29449
1368430
451876
348824
396
1312183
240521
293958
398
1138189
56730
1138194
2267833
1138190
648995
2583231
1538158
1538159
2081791
448181
1120045
1183400
2632611
373
160699
28099
359
1183412
2629175
399
1125847
382
663276
2613772
110321
194963
106592
375549
2633371
1752398
716925
879274
2715959
2795690
2341112
1969821
658172
1261131
1273132
1174529
34020
675281
2584466
2108445
2493680
2082387
2777475
2493675
2493673
2493676
2654248
2744518
2493669
2744521
2493668
2493672
2493678
2493677
2654249
2493679
2483403
2483404
2493681
2493671
1854057
2744516
2744517
2744523
2744522
2493670
2493674
2744515
278153
2744520
2483402
2744519
1670800
1082933
935548
935546
536019
754035
682633
278148
1777866
266835
763057
2725666
374606
2774562
2666139
83263
2599600
1756988
266779
1620421
411684
1867719
2718938
1852022
2742145
2712698
2305987
2774137
2801335
1736675
2657486
2083786
2499144
2759954
2664417
400770
674703
444923
582899
670307
1029756
717785
2233851
1079
1447062
1384459
2170729
1082931
2820278
2742204
648757
1335043
1219035
1608628
454601
2807101
2082949
1882682
2651334
426117
2202828
2603276
2202826
925818
2067957
1479019
739141
2696058
460265
270351
2202825
908290
269660
2202827
2051553
1775910
426355
418223
693986
272630
440085
419610
441620
29429
331696
2562284
2709380
639283
1850374
1745854
2528964
2789216
438753
1349819
2758041
2816454
1638161
1701758
1121028
686597
1486262
1122214
2583532
1235591
2712222
1482074
573658
538381
1881061
2021862
2590016
2587861
2587854
1674922
244592
187304
1402210
911045
173366
134
655015
391905
187303
595536
2699395
419475
571256
94625
271865
2632610
529
1218315
29459
29461
120577
236
235
36855
444163
120576
239106
1702325
444444
395965
227605
569860
31994
402881
1712261
1458461
2304600
1798205
2528642
1686310
2759660
515256
1933904
40933
803
2267275
1094489
634504
696125
1318743
1094491
38323
1095900
52764
807
774
2133959
687861
2714944
2764186
2714942
2714943
2596913
2681549
2653203
745310
1327635
2599297
1938607
2698679
2735134
2219696
1523415
2492837
2711156
2759526
1517554
2565555
1390395
1030157
1517551
1961362
2319844
304378
1628059
849864
1381597
28214
386874
1176646
1045317
363835
2071607
2594473
653931
1123269
93064
392499
1609977
1549858
1813879
1560345
424800
13689
621456
2698828
2565556
1357916
2486273
1874061
292913
1914525
1866325
1913578
33050
1515612
2054227
2448440
317655
267128
627192
1315974
2789327
2676077
2072936
2082188
1855519
1843368
2733867
407020
2565554
520734
484429
2185111
13690
135719
120107
1673076
452662
690566
1332080
76947
1054037
1208342
861109
56193
2675225
2571749
1609758
2780074
1016987
702113
164608
158500
279238
1176536
1088721
941907
2762748
2711215
2584094
2077182
1806885
2725558
392610
2026624
2724527
1850238
1842535
1550728
1921510
1634516
2762729
2806553
120045
120044
2633097
39960
2739433
1112
2182384
2683265
2067415
2060312
2604537
2185142
1267766
361183
476157
692370
2338327
1982042
2055955
450378
2798724
1348774
1532023
192812
266951
502682
1648404
645517
543877
1892855
2771430
335406
2759707
2500532
2589076
2760307
1529068
2812658
2560053
147645
1545044
1077935
82367
266
34004
2065379
1945662
2259340
1367847
135740
59779
225362
1499308
453842
135742
2033869
1850250
272942
1075
557760
992186
349101
272943
1917485
2587855
1968541
1389004
2070369
664426
1389005
1389011
2785912
1402135
83219
60137
74349
2587847
2587850
2587846
391613
540747
2494550
215743
1229727
311180
1792508
1208324
1411902
1758178
875171
1397108
1564506
308754
1188256
2579971
991905
60890
221822
1580596
1844006
681157
1396826
2508306
2508307
999552
1549850
1915078
2587852
2587858
2588299
292414
2587853
2293862
185588
246200
1335048
2789856
1826607
2009329
2588711
988812
1250539
561184
880591
92947
398580
2494374
1267768
195105
2613965
1891787
2434
391595
2602067
391616
391626
1458307
2169400
1609966
1294273
2587163
564137
2715211
2587842
1537215
2017482
245188
74033
290400
2599296
1265309
299262
2552942
2500533
53501
441209
1591409
2171755
1715691
2483033
1920883
1579316
666509
192
709810
652764
664962
2202148
137722
862719
528244
682998
1226968
286727
1064539
2775420
2233999
2602015
2602016
1663591
1639348
431944
342108
414684
269796
2594003
1441467
1110502
2220096
2048283
2785908
2785911
1891279
1123366
111831
1612173
1150469
1288970
1549855
1401328
1193729
2768162
2768161
2018065
257708
207340
94
1296990
265959
714995
265960
65958
33995
634177
215221
2771361
926570
349163
435
2592655
1076596
431306
481145
1006554
1266844
146474
481146
104102
446692
2500548
1633874
65959
1484109
1969806
290633
1288313
318683
574987
257438
272568
1052095
320497
153496
1231624
2558360
1510841
2558361
1293412
661191
2070537
2697033
2762277
2560057
2561924
2774189
2591463
2562582
1827469
2774190
2579977
2813778
1938605
2800818
2752515
1532555
2560058
588932
74329
41276
633149
293
1325724
69666
366602
69665
155892
1679497
2010972
2708539
88688
69395
450851
2201350
2686094
573065
1940610
1868589
2570229
349215
856793
488538
2029849
1434191
394221
2749086
1873716
1906738
2016196
582402
2582913
2043170
2640676
955
1845000
234826
320483
1248439
949
948
574556
779
944
945
35795
222891
1286528
2686014
434131
114277
114292
1129742
114295
784
2601646
2115978
1802984
696127
2486578
2163644
314260
91604
2066024
2601575
86106
2601668
1414854
156889
1002672
1388755
1977865
2268451
335992
2563896
1925548
2161677
945844
1707785
2769491
1678028
2765360
1593482
2709302
2709303
321985
1141883
321983
864828
871742
2045208
2072590
321984
1644131
2497863
1938606
375286
1537274
2808899
1236179
1349767
368607
2590869
29581
2728020
2728021
2014887
1262470
964
92645
1235827
1078773
863372
2025949
1005048
279058
279113
2601898
2058625
2058624
401471
1809410
2807626
847
662548
1034889
207745
434008
434009
1795631
2762322
2681552
2762323
282217
2774875
434014
2811425
2126319
1179817
543728
1246301
595537
436515
358220
2518343
1842533
2478662
1858609
2714923
232721
80870
2743470
1926868
553814
80869
80868
535289
795665
2806262
2716225
2651974
1842537
434010
2184519
2565558
47421
1763535
365046
2741720
2752316
2822760
1842727
2509614
1484693
338969
81479
1392005
543891
1082851
2597701
1232667
225991
160825
1562974
363952
225992
296591
1840265
1840293
1840283
2268087
1840239
1840267
1840303
1869339
1840297
2082385
365044
37448
2714924
2714925
2735554
2792224
1715720
1288495
1546149
80866
742013
1920191
558537
180282
215580
2714952
2816950
1658672
2109914
596154
596153
1458426
1458425
2116657
2109913
391735
80880
2109915
1678128
1678129
1844971
946483
87883
95486
292
101571
482957
488447
179879
1503054
95485
1503055
60550
152480
488731
60552
488729
488732
1207504
488446
152500
2571746
758782
1740163
640512
1855726
1637853
2217913
2811789
1637869
758796
1637862
1795043
1097668
2811788
1705310
1795874
1179675
2732364
416344
326454
28450
57975
342113
1385592
1385591
1636423
1637837
1637841
1637831
13373
32009
999541
41899
1176514
626418
977880
82633
1042878
381666
96344
68895
119219
151783
264198
1040979
1267562
2771360
1389192
876364
1796606
367825
2547399
1926494
2604047
2735433
2735434
2026199
2571748
1323664
92647
1417228
398527
2571747
391038
169427
2654982
134537
420953
754502
1229205
60548
311231
266265
134536
1761016
169430
2211211
265293
311230
859655
859657
1394180
1457195
859656
402626
428406
190721
105219
1310165
1310168
1944648
1416914
445709
93221
656178
2518599
93219
656179
93218
1891094
573737
93222
2814653
2705547
2705548
758793
47671
2594795
882378
452638
556054
556053
576611
2527775
1743174
1743162
1835254
1743168
2732163
1553431
2651972
2268024
762376
1167634
217203
1881016
1758194
2282475
32002
217204
1353889
1353891
72557
1746199
1697043
463040
1416806
463025
1416803
463014
94624
103855
123899
1331258
1208658
568707
521
35814
463024
520
1208660
2488560
1940612
1437824
1851544
511
2813780
323284
2028345
1007105
2716226
1036672
1247726
206506
2163011
90244
90245
643674
1072685
2652177
29575
1008459
946333
2753607
420662
2082386
1430884
983917
395495
1050370
75379
426114
1658665
639200
2697032
1296669
76731
392593
1768242
2494234
2584944
40545
1796652
2732067
2732487
44574
44577
261292
153948
228410
335283
1444684
323848
1288494
1266925
1981880
311182
1223802
1842540
157592
292415
1914471
171865
1985873
2675298
2715678
1163617
1662285
2588534
887061
582744
265072
583345
666681
1581680
2588536
1581557
2588535
580332
1188319
395494
2559597
748247
2016596
356837
2027405
198107
418699
2067960
41977
2005884
85643
1134435
96773
44139
2184083
76116
76115
76114
404405
1765049
640081
2811415
1735038
1565605
2231055
2654218
159087
1751046
2641838
536
1108595
2202141
2605945
1778675
394935
235634
537
1906741
1009682
748280
1537400
519081
332411
1590041
57480
1192162
557598
1938604
1737446
2739434
2739061
655307
641148
1853276
2709396
267212
607712
194197
1853278
88719
1815583
662598
942513
135720
935588
65699
326523
492
28091
326522
490
488
640030
607711
485
493
489653
2666100
483
28449
484
489
2290923
682798
63
96942
539
2528037
502
505
504
153493
1196094
194196
641147
522306
2591109
233181
1576550
33056
1208919
1208920
1208921
2661583
669502
40324
2072414
2072413
2072405
2072412
2072406
2072407
2072408
2072409
2072410
2770322
1904944
2691571
2742129
2303750
2005046
2040586
1827305
2682487
2282124
2775920
2565559
216778
128780
2045451
453783
2290922
2762611
2781022
2781021
2714936
2781024
2781023
2763317
69
2795387
1324796
435897
1605891
84531
2591633
2698682
262324
2006110
2799326
2508168
1896164
2799325
2761107
2565782
1176533
340
149696
359385
92826
2724122
2724121
2724123
2775162
2776703
2775161
56458
152263
134875
487909
56464
56455
64187
129394
380358
925775
346
48664
56453
487904
2754056
707209
195709
69929
454958
325776
487849
1219375
1982678
1101443
1304892
2259622
359387
189396
207721
316273
92828
317013
925776
743721
128785
1045855
2202149
2771436
2714945
1463158
215691
370777
2511995
671135
1401256
698414
1444770
666685
2778082
582702
445710
2763498
2501295
1217721
1849581
1300342
2589080
1440763
2010829
2021234
767434
47880
303
47885
76759
70775
2217867
78327
2725477
1930532
2320867
2614442
2054914
2735906
2731681
1856685
2726956
1755504
2748080
1294143
1028989
2811422
2653853
1736226
2729423
1881017
2774873
1573718
2518644
658630
2724470
1931241
1573704
1981174
2049589
1283291
2320270
2219057
2749999
143813
2498848
2726989
1898684
2706126
2054919
2804761
1649877
1259844
2730847
253237
2201356
2823875
658644
2073078
1573719
1573712
2730848
2213057
2052956
2025658
2774459
2662033
1702250
1573711
2590776
2812000
1611770
118613
1207075
1534110
1855380
2587845
2083052
2559074
2018067
2069256
1500687
1758730
2054915
2597770
2479392
2651048
1636610
2604941
1827300
1573720
676210
1500686
69328
1659194
2005388
2662034
2045200
2730851
2067572
2605424
658629
2654238
2169583
2126069
2083054
2083053
2738843
1173288
2083055
76885
2749807
658642
1173283
1173270
1415630
147212
2664899
1855331
2777367
1173280
658632
2609418
1886807
2762896
1338689
658643
2545800
1495331
1173273
2083051
2587597
1173284
2479393
658641
1761895
306
545908
1524461
1329969
300
287
43263
1232139
53408
53412
627141
578833
74829
271420
47886
294
380021
76758
47878
47883
47879
200451
200450
183795
76760
29442
78543
651740
46679
129817
169669
75588
76761
75612
251695
33069
36746
1190415
53409
50340
251698
251701
2775504
46257
86840
587753
86185
296
237610
384676
319939
1392877
1301098
2604832
1691904
1245526
157782
1499686
216142
43306
86264
2599595
237609
157783
198618
104087
364197
437900
487184
198620
1395516
741155
553151
472181
515393
702115
395598
797277
554344
46677
1274359
95300
1421430
1434072
219572
1148509
191390
86265
1853130
359110
163011
47884
158627
244566
2505979
2565368
122355
2502979
321846
1788301
2774460
2774461
53407
1628086
1306993
1615674
1785145
2681983
1583341
2219225
1302376
470150
353
69964
354
1510150
1697053
2785331
2213226
1046625
1879049
2725684
2798861
2563897
1758189
1808001
1646498
2004646
2714110
1827285
1407071
1636603
2743575
2004647
2545797
2601122
1608473
2004644
2609668
2420300
470
48296
471
1530123
1785128
106654
108981
756892
40216
40215
1242245
70348
1789224
108980
29430
202954
106648
134534
487316
62977
106649
2715164
1879050
2136182
436717
1871111
70346
2004650
2715163
2006115
2662362
202956
1197884
1324350
1699621
1028416
2772254
1699623
1720344
2733866
1699624
571800
1699622
2203895
349106
56811
1028420
256326
259536
45610
330922
34062
34061
480
386891
476
478
29433
2283318
2714951
2681308
2815358
2282310
2681307
2282309
1920114
2681309
83655
550
158836
1812935
69218
61645
299767
2494701
208224
2071710
2757714
2596949
2742619
2724468
1914861
399742
2742676
2742639
1166130
1560339
2705458
2565914
1868135
2500132
2747372
1848517
1827481
2742673
2051905
1977566
2742656
881260
2478464
885040
539813
72407
39831
1328373
1392500
548
571
2675726
2681387
2697371
1905288
2675710
2787706
2015795
2267618
1667327
1134687
244366
2026240
2489010
2153354
2058152
546
67827
1639133
2816438
133448
57706
2742624
1573676
2546350
2781952
1920110
2742663
2742662
184912
2807631
2742667
2742626
2742671
2742657
2742678
2742659
2742655
2742653
2716879
2742668
2742675
1702170
637910
67824
1261127
2562449
2653932
545
1748967
1563222
566
2725560
2492396
2067958
1300165
1177180
551989
497725
1235834
1646340
1138308
1073999
413498
1074000
1159491
1159613
1906275
575
1286170
577
1259973
2259647
61647
701347
83334
2822132
2778655
1412834
2773706
409438
585397
2027293
861906
2603836
2773705
362663
1078034
2810404
208962
564
1499973
2044467
59201
59202
59204
59205
59208
59203
41527
1197719
2577118
158822
158823
2545798
2153385
61646
69220
565
2774055
61648
51288
2579935
1851514
563
2479367
82977
158877
1972431
395631
1756993
146507
84564
1906659
1906657
1682492
1906661
472825
199891
1302410
2675792
2675794
2675787
2675791
2675785
2675797
2675772
2675774
2675775
622
623
621
1048758
2487150
401619
428411
476281
273526
1334564
911022
435998
1154756
1006598
682634
104623
2420306
671990
2597702
2447890
1327989
2448483
2033438
2724469
2482769
488142
2485839
2773264
1938820
2785630
61652
618
47917
399741
2741499
82995
1346614
568817
137545
61651
300181
458197
367190
633
632
935293
34053
1443113
349967
29486
29485
28152
1453495
29484
263819
2607663
1179669
419257
631
2339259
349968
2126321
1805933
741091
657339
745277
1151116
2703885
929813
1646377
41202
1441930
1878942
1484158
2575375
592316
2052056
2490851
2479547
2787629
2768165
549
712898
59814
706191
932677
1123863
1095774
66271
55209
1076550
1891675
1235990
470933
1619313
2681984
215689
2547962
55211
465817
716540
634500
1922217
79967
665914
665913
1458355
1615494
2315800
1241836
1315998
1241869
1241865
98785
2315802
571430
118118
118101
1241860
118103
2315801
118110
1241833
1660043
1878935
2173854
1241878
98794
98804
118099
1241835
911343
668607
2518974
557993
135842
118117
2487345
82987
53336
36868
590409
1427366
1224147
1224146
1224153
1223573
1223567
69223
204040
1224149
198628
1223569
1223571
1225780
1223570
1089444
1778540
568766
2037915
1224145
568768
555
180957
218491
2042057
561231
2108399
1175631
78398
2488639
1201031
1109412
2722756
55213
1172565
1082704
718251
67780
93378
1288122
1578828
1650654
1453496
546367
1848580
82983
1141663
333962
126385
158850
333965
1141660
588
2027290
2633465
180434
1266738
585
183417
2697019
1987580
626774
102862
406818
351671
628
290110
1354304
351679
1231049
235559
638
634113
141679
230089
291112
1239307
2342
1929246
63612
158841
82985
2172103
2498113
703
1255043
396588
713585
106634
396595
1765967
2792603
2819280
1335757
2666185
1260251
349124
1052
2740807
187272
421628
1442136
765912
1166950
765910
572477
765911
316276
2699430
1814290
323261
472759
105559
1763998
2498451
2545632
1630141
553981
1579979
2771012
2795687
585455
47960
1972068
1860122
555778
1548547
1192854
1811807
2587844
2733488
2497861
2733487
2773308
2587849
1609967
1883416
2306583
2730360
2562282
2785909
2749040
1504981
1118153
2136172
2733484
2014541
1971364
1761789
1666906
1346287
475662
1897729
768066
1081866
507626
29570
115561
1178482
29571
2609667
664683
74661
44935
213554
272774
1771309
2686360
2609415
2661553
1055101
28258
376489
657387
157779
698828
290398
1883414
33074
91844
114186
2014542
1113728
391936
930169
1094342
393595
1917421
1821621
48076
2668067
400668
2071621
178399
383750
491950
491952
717774
2773454
1249553
1572645
1031538
1441457
2614693
1278309
1298593
207949
349521
1628392
2683272
2161747
1336806
1445510
418701
1561924
523791
914150
1144748
141451
570277
1987723
2303332
454662
1945512
155077
377629
2731755
2731756
1117647
203122
1737490
2681547
2745199
1516059
2591606
2587856
359370
1769779
252514
48074
260552
930805
930806
2601894
2708301
314285
2794344
1620392
1470434
716816
1347420
998088
1354302
1448139
196023
1416915
1208104
648
2033032
2033033
2560029
1636606
1758179
2560028
1636607
1636609
1636608
2675707
1920107
652
96473
29491
218936
73010
650
196024
948519
656
347534
511062
2047966
595494
1416627
1903694
83771
2304594
2488665
2769486
1749259
1415568
2547598
1671721
1761794
490759
2603215
1420917
351348
1163748
418719
1874317
225937
330734
2267264
1714845
2358187
2058133
1917158
1777491
1004785
1004787
1004788
1774373
1858656
589873
715451
233316
2259620
2785918
2572577
914153
2303538
2489595
1085623
2686359
2686358
197222
1129794
1526571
2183582
680279
2172099
1740262
2814293
2814294
2814292
2814295
2593655
2590015
2059264
2803864
2589987
2029986
2487742
94122
2698686
60481
1930557
60480
2589790
2806008
2575361
2593656
2775245
351745
323850
1965282
38313
407976
402882
399599
693970
399804
326297
1173586
260364
425104
392500
43661
558541
458817
256839
637905
1028752
225848
318161
398579
211586
318167
150120
2520507
225849
238836
2588449
93973
2018305
342950
2547970
1709477
116092
2744479
2587843
1514074
2003316
234831
1390185
87791
2785910
2490635
2799564
1720343
2583375
283699
43658
1365250
339617
43662
342610
1348114
314281
1117319
1315306
227
1315283
1314866
882626
1315282
161398
151081
874454
1190813
1314869
1117313
28109
43660
176102
152297
267375
621376
43659
1315279
2820710
1266052
550540
2724191
1816218
2161872
58049
1816219
2497879
2689569
1967665
167879
2552945
2594005
2769490
1763536
718192
2100422
2055892
135577
1940690
1096243
357804
314282
69539
1202962
2812648
2681310
243233
2785785
1727196
2812647
107637
2608981
1538553
857087
702114
1432792
686340
2049332
1808979
1091494
95641
1704499
465721
2303331
2698684
1675686
1620215
1281578
670
680
696485
663
2315253
669
190895
691
512649
766224
676
196600
914127
1246305
748003
903510
2587865
2662262
2714948
2711221
2777577
2589990
2163016
1116375
666
29498
300876
28173
29495
55601
1384040
45658
689
687
265668
1481663
674
2479546
553239
1074311
1918945
675
2572923
1763883
1481923
1435069
1671868
28172
1381081
693153
673372
76258
2587862
170673
170679
1191300
1891186
29497
47951
2025808
1534743
658445
320778
38294
85581
298386
1908198
51367
2003370
673
1088719
312309
388396
316275
1927128
1755811
1810504
2662448
2746060
2708020
2755562
91891
91892
91890
400673
28087
45065
452
661367
1212491
454
28084
456
28082
66969
1867846
45067
1268635
45056
449
2005262
1094714
1094715
451
254247
254246
777
2054173
2487929
676208
1803865
717772
717773
2739063
2580412
2211106
2267253
754476
754477
317025
265883
28885
1238
1198232
385025
728003
2675054
2675053
1032
2735563
111769
288004
28110
1547445
2589986
1395624
2007306
264
573570
1088883
1086726
549298
1542390
2249302
299583
573569
360196
1085644
594679
1543721
2738883
1076588
1249552
2291597
1705394
2508687
1427364
2738852
413404
2360
1303921
412965
1971485
1971488
2652803
2183911
1248727
2774188
339671
189834
51161
696748
718
715
51049
720
862965
727
730
726
735
249188
712310
75985
85402
1434215
111844
1432056
2770636
2679994
634176
985008
714
2820817
739
44283
123812
97481
754
738
2030797
221988
653940
728
762
1005058
2778911
1906744
1263832
205914
1032623
123824
109472
1443036
2718
246195
1267021
1196095
1635327
47
42
40
44
83461
32
224458
161492
1524214
39643
50
1882917
1055688
1649470
1524217
162027
881
370038
345370
2593640
879
63561
184917
876
296842
901
44742
241368
58180
1725232
1716143
641491
182210
2678688
2661612
57320
879567
873
2773299
191026
880
29546
899
132132
45663
2627627
35554
345632
60035
28232
225194
351604
1203471
313985
483547
2614637
1603606
29543
29542
19
1842532
571177
83564
947919
897
181663
218208
2291
2293
45655
45656
2296
28223
894
1986146
1909699
427923
2622240
84980
65555
2292766
1548548
119484
361111
60893
2358
316277
453230
1621989
84405
204
824
199
200
203
2561898
2593542
198
1244531
201
1780362
196
827
206
1965231
195
197
75658
522485
449520
2042961
374106
202
1031542
1813019
260714
76517
497724
1848766
2505970
28080
1448857
28898
2321111
28196
2321114
2321115
2321113
2321187
366522
2618290
66821
44674
194424
65553
210
35817
138563
1591088
37372
56877
214
45498
217
123841
76936
2593540
29419
104628
32025
35818
135569
213
157268
212
844
269261
2646778
2779528
206403
2740515
2623549
317658
39766
1176482
202747
2740404
2740405
148813
244787
2632186
291048
1424653
2624044
2706014
2714855
637389
990288
743299
243159
380394
637390
1232575
2614801
1069642
765869
264462
2231053
2748865
2220073
1184267
960
862908
2109558
1915309
297
1921087
1921086
2609290
273677
104336
162426
743009
2033
82380
1072463
370764
273678
84292
36805
904291
2614638
57043
2541726
2614639
2509458
69362
936337
1526412
300019
199592
589382
2639701
453304
2080742
2509455
684552
399736
2615065
2609250
110937
1671680
59737
33888
33887
145458
257496
2035
69373
2663824
1575
150026
28447
2626594
1935379
1784719
2621730
2714934
2714935
2714933
683042
2632331
2079791
2680006
2419774
2649013
670052
2220095
412690
2626248
2624265
150123
2618217
2635918
2627005
2419771
2642974
2750620
2079792
2685235
2621488
674079
2643261
279828
2645362
2641148
1619308
1655489
2623385
708131
1159327
1275
388357
446860
2649579
71999
1272
72000
1049583
235627
37928
37921
156980
2211210
656366
1670
122866
2647000
85085
361575
728066
121292
37927
2646595
1270
2620948
162496
37930
1933880
1775880
256701
37929
2627139
2632435
37923
43675
85336
172042
2047
396015
2689056
169480
2634190
37931
43663
29320
2626589
2629769
1618207
556325
2634694
1646
2620175
1708
1711
2566013
11
2729175
2638618
2619021
2649176
545619
262209
53458
857417
2649294
2637926
1690220
53358
443156
2643346
2663846
2624466
1710
139208
372663
186189
2509459
2626399
2615080
1288636
2593973
767452
1758689
1078471
247333
2623841
1331682
43669
556288
2017484
2017485
1630135
1667168
472569
2614124
33889
199591
1703
273384
358099
629680
1136497
60920
2645534
2626815
2483799
1274
2643059
571913
2649892
84757
2626367
2648503
1133546
2649508
100225
1863
1276
43674
2039
2593676
38300
629295
54571
1827580
285570
1169025
33899
67258
1969
2653200
1783515
67581
1915
1888
1932
2014920
67304
2548456
68249
73044
2710756
2496836
47763
1413221
1950
83656
83291
2763006
1889
67345
379067
193462
1176198
68270
1912
1898
1535768
29303
2184053
348043
1038928
68210
1927
67305
45398
116188
1893
146923
1890
1885
28894
1226757
33903
362257
2049881
68278
1477431
2282738
67267
67296
1914
68214
68209
40318
66871
68570
35621
1977088
2686304
1901
1940
66425
66892
42881
1907
36818
173860
68246
1905
42684
51201
1077946
665007
1960
2662397
68223
285450
2174846
1904616
1690221
1355015
1616117
53451
80860
1967
132473
553510
2599401
66374
1437453
47716
68192
68202
68203
188770
68280
68175
58346
1971
67351
48665
408015
1642299
1930
75293
92644
1929477
33900
146922
1916
1906
1935
67260
285473
1928
67381
1904
545123
39478
2633591
2066
68173
1894
2643834
2126346
1791
1804
117567
758802
36813
36814
1794
2636767
39691
1772
370526
1797
1792
1249101
1286181
1771
1286180
46351
212765
39695
1800
216929
39692
53462
1810
134601
258505
39688
146017
28047
1793
1766
67081
444597
1431246
56689
126673
319706
1534349
319707
1534348
1799
39694
85693
39687
2487344
110539
1795
2642494
2249310
120793
39689
1552759
1778
482462
43348
44010
1775
1389713
77643
1768
110505
459858
486698
398694
1789
169765
386911
590652
2094119
29311
1781
2492438
1769
1809
133549
261524
265949
28045
36809
1578165
1774
83262
404941
1520670
1788
29314
1118379
875328
1069220
639313
192944
1830
1829
37919
43767
1828
99653
300028
132919
38310
103816
334542
1833
262776
1500843
191292
37326
2637762
135487
455432
37329
1824
228602
2213200
480035
1823
37332
2382165
37330
2624378
1725
191493
1230998
36808
225326
575200
1032851
1223514
38305
1727
1121358
349751
441500
2079535
2594913
89154
1404244
2080740
1737425
1072256
38302
191610
156978
38289
152794
401472
136857
43771
38288
43770
160386
161879
38304
39791
1231000
169292
187491
203263
2488819
28028
43768
2079234
146827
156976
43990
1724
38301
1050174
1408191
1717
1705
65058
43769
1471400
161899
1718
42817
35757
161896
38290
1862358
161895
258224
1979527
2080757
571915
1697
2684406
1721
43765
2506452
1719
1652495
2719119
35755
2055
2657482
84595
2420509
1136941
2054
1004901
36822
84096
1292359
158898
2617939
139021
546160
499555
2061
57704
2645312
286802
1528099
2615069
433659
2518370
1643322
2712223
2518371
200618
2558918
449461
419476
450734
2589074
2045452
402297
1804624
2633570
1736691
2041
2079793
219314
2662028
642780
2045
546871
2621872
75385
2619695
546874
29405
630515
1285901
1332264
399497
2635419
1610493
2161816
556499
1744
119981
2608905
1748
1749
2057246
675864
2642922
2717326
2662260
33010
33011
1747
1750
2633994
182640
1544730
117157
2617518
47858
1877
47857
47853
307121
47865
47872
1914461
47875
1003110
285665
356851
1881
356852
299152
261654
709883
299146
291594
2294034
479978
47850
2626549
196914
113562
1867
1866
624315
1076124
2631981
227318
168697
168695
2630859
56438
2619320
2736640
240495
2074
2618356
1814
33910
1804986
129921
31958
208439
1586287
1852
40988
632569
40989
75294
40990
2593673
103733
103731
1836
2665642
60894
333966
2646250
211114
1470176
340345
2644606
1612552
42197
40567
860235
43357
2636053
530584
1861
138336
477641
2001
2632669
2593643
2656914
93944
2006
35762
2626254
46165
2020
2014
280236
53437
2649073
2635841
2021
2609248
111015
52771
52774
2560010
675090
2057800
2057743
1656
1960083
2737173
2321394
1655
544580
1659
1852377
1660
52773
2691889
181487
1282737
2623556
2630174
1661
312285
178339
2692119
2631020
28264
1302235
131112
2609299
59505
2051
1912795
82135
2632575
298654
1859
2716812
106370
2624397
419479
53461
2618968
1090615
35760
158787
216816
1694
1681
28025
77635
78448
1680
1685
33905
1603886
1683
1689
638619
1765219
1684
1686
28026
2020965
762210
1691
1687
78258
2702
2792978
78259
304895
131568
283811
1891644
2629395
414996
28049
1884913
1884905
1884914
1884907
573600
1884904
1884916
1884915
1884634
2637691
49319
42256
2051957
496014
191495
2627773
2789776
467094
53635
2648737
84112
471189
1335613
446660
2636013
1870985
1531429
84110
79604
1944646
84163
2638792
1805478
604330
133926
1871022
2003188
1382
74426
33871
2649358
1670830
1670831
1404
1402861
412384
86664
185979
86661
653685
450367
561879
189381
1397
1670641
1408
1792192
1664069
33932
38875
1742359
324767
1547283
79883
1476025
218284
1471
1783501
1441095
632773
1479
46224
1925021
1413
1178537
2675274
152268
129338
2642459
1505648
1921421
1422
33940
213419
1478
228899
421767
264697
1407
386490
79880
79885
199441
86665
2598861
300825
665099
859143
746691
182710
2052660
2636778
2086577
28031
1421
1145276
279826
129985
2698411
2502791
2099786
1740721
1193713
1215031
2620237
2017483
163877
1482
302167
1473
1398
2639704
247480
294699
33934
196180
198467
35841
255247
1221500
2614679
1472767
1570
402384
45668
2283160
2636677
33936
1532552
1295642
1426
153151
2651280
2628296
1230341
2636913
1467
2625209
1449
2213194
2594883
1028381
459472
1499687
200991
2662419
1038856
192421
1176255
161360
1215089
1302659
414778
1598147
1374
1373
2647733
1571
298596
1474
1476
76853
2637870
417367
2642018
51173
367743
1508404
2617942
241244
1650
2644826
394098
185978
61624
2704462
562959
49283
528191
248903
44251
2704463
1406
1870820
79263
169760
1126833
375489
365617
2495582
414771
162209
198119
2509456
2044880
1462996
160799
1178515
1401
1338368
1473112
1619311
1778678
2707005
683737
1712516
682956
189425
1464
1616788
172713
189426
159743
59893
44250
128574
1763538
253703
59843
2684853
51101
1393
54911
1465
54913
2636738
2674991
2507935
2583377
377615
55079
1471761
714067
1380685
2026
2490858
37482
33986
1378
405212
471514
2622400
1903704
1214604
2055160
33943
2677223
1280
1282
2815305
91994
1288
1283
1290
1286
2044912
170573
29385
1281
246432
308354
214473
46127
985762
33028
29384
45972
61015
1294
1295
28035
155085
1284
2282419
29388
29382
46126
29378
2781774
70255
1292
29380
29379
985002
1654388
1296
42858
71237
150056
643214
1461582
946432
1855823
69966
1903056
2619255
407035
2628837
1817405
1639
1643
1638
1641
1640
1006155
2642072
1642
2756
269673
1584
2620435
47770
1600
33959
1587
1579
267818
2269374
303541
1596
109790
227945
147802
508451
1604
1218493
1218494
83683
1613
35787
97478
1598
104955
227942
1633
267363
1580
2292255
637971
47715
88233
1597
57037
1582
2506420
1583
137591
155866
2683241
1629
1162633
46256
759620
1631871
165096
304207
1590
1589
60520
1588
33962
1581
152331
1138822
1246
1245
1511761
33968
1244
1252
136609
33964
255248
2304606
1602
938155
1074467
1847728
392416
1007676
2714036
83526
1612
1623
1624
1622
1605
228229
1601
89059
1610
1607
375175
28038
1599
164393
60519
1247
336988
2203724
2636988
240427
176292
1670797
51663
114090
187452
1255
468911
1618
82688
2419772
148814
231049
1614
53444
1625
51664
293371
1296540
1193095
1720083
1603
1303590
1307
2608887
1305
1303
45634
119603
28037
1313
1335
1308
2021971
1314
1326
671232
82348
2173853
1302
1811193
315405
1348
1310
1318
400065
1341
1345
1304
1343
113107
1340
1349
1311
1888195
1814128
1309
1329
1346
257758
149016
102684
1111760
1825069
361101
2382163
33040
1363
1366
1358
1359
1151742
2643510
1364
2419773
2749961
37734
53346
33945
1352
2005703
1351
160453
1354
53345
44008
1805431
2608891
118060
417368
2714947
2571750
2648499
218144
519472
2714946
633807
51669
290335
526944
33970
2751
257487
147709
2748
1868793
2496265
1868794
708126
2621505
2632303
29394
119206
51665
1376
128944
1377
87541
2036206
46125
73918
1297617
2610894
2060094
86331
2086584
178898
1981510
853
292800
253239
2643836
2629304
351091
1550024
1677857
288965
1515
1796620
1161942
1264
1160721
2608920
84032
1521
2488810
1510
2093857
236753
884684
2614128
1502
1491
36845
1492
169679
1520
1501
1513
1534
217159
36745
1216932
1488
238834
1716543
1519
1494
1561
29341
1497
84022
182773
94869
1504
1493
46867
394958
332101
1548
1542
2068654
223919
1509
84023
1538
461876
208226
154046
2638829
2629145
1424294
2633479
1498
2619470
116090
471827
79209
339862
1563
885581
1565
1564
59610
1833852
102134
49338
233055
142877
36854
55583
2635733
51197
863643
1712410
58138
51515
1871021
89153
66219
29347
2608895
33035
2648079
1912897
40520
1322
84030
29370
301301
166486
433286
2696063
2642604
208479
1531
1679721
831
185008
43305
1229621
105841
649756
116085
410072
2684943
33038
33039
2643091
29360
28446
185007
39488
39485
617123
2734
1115758
2626894
1507512
1505
1490
1496
1731
89152
143361
1511
2649046
626937
35701
356322
1736
53442
29322
2041044
2624479
2638182
33952
2619948
86170
863
2293317
2173034
44260
42837
85874
46354
2636821
106578
2325
108150
583357
161154
129958
911092
44001
2622462
413888
413889
717609
1222016
52765
52766
55205
1517
2622527
29329
47490
252966
184064
1794699
2640322
656519
2331
31909
1323375
42422
28187
2316383
499229
291990
2751313
375929
2637378
69823
971
437897
158847
865
2629460
365349
2377
1930071
907
2144175
29466
248315
39777
39778
2161821
39950
905
187327
2639160
33025
2638206
154288
1547
1522
2624170
1514105
225084
1648
2485784
1702221
2487118
39483
2583452
2704656
1982626
1555112
54006
54005
1852373
1260
33034
1870984
1287640
33033
45497
2638726
1582259
1278232
1556
2816908
1852374
1871025
243899
317577
2623546
502394
309887
1768108
1211322
2202254
432329
980427
68909
1182571
1299
1309411
310783
55148
1182568
274
271
2619321
56957
37636
56956
2483360
456163
52022
277
172827
187137
186192
332249
2626047
32046
33070
2627006
59930
2622553
146786
32053
292566
2650499
1184
2619029
1209493
1219
2627481
2593292
1173032
2640012
155978
2593658
92942
224012
1306274
264686
374162
272131
446679
1165
2619674
142864
1164
2619626
1973486
938406
32054
2618749
1397703
136073
2622029
1166
109266
156213
289435
70799
312883
747548
494603
1197
2676603
2649714
1158
1155738
63132
1492710
44471
54304
1205
35823
2023214
43988
241421
28070
92682
2546365
263510
1453359
1125
669357
102231
268175
102234
33071
54299
54308
102116
2642663
1188228
1228987
1763363
85002
500
120961
1107
1806508
2601677
167964
2635759
913107
1986204
133453
552811
1839801
1536648
61435
237581
2509675
525904
1005039
454171
2683645
86660
28227
2116
2104
2123
2098
65123
656088
50052
2121
2124
519450
142649
136241
353852
29501
538220
2120
2100
29554
45362
2096
51365
92400
92401
29556
2094
2107
171284
171279
114885
114881
114880
76629
53558
48003
33923
29555
29553
28903
2113
2110
29561
171282
171285
295596
2130
134821
216942
2637901
2137
216946
216944
2139
216933
324079
2138
2143
2134
216936
216931
47835
47834
216932
216934
2145
216945
315358
362837
1114980
225999
138853
2151
2149
216427
324078
74700
81459
214888
215578
61635
264636
38986
29552
2148
85628
85630
85620
85625
1541959
114
1210884
2622970
2528023
2774151
2598579
692036
2650471
2528024
2528009
2528022
2527972
1400387
2527979
2795974
2528010
2528021
2527990
2528017
125
2639138
980254
2527984
2527968
980251
265606
1331910
2527974
406548
1387353
466153
128
2648843
2527983
2527978
2605989
122
2527973
2527971
2527976
2527964
2608982
2528026
2527989
2527995
1891926
119
2528019
120
2528027
2527996
2528007
2527994
2807512
547188
2528020
1851148
1941349
1940790
1936003
174633
2649488
107709
1838286
2576891
1796921
395922
2711230
2736
2625155
2728835
239935
1679444
2796139
2730359
1704307
2628272
431057
511746
1307763
389348
362787
2643326
83552
71667
83561
340071
810
1930593
89966
323449
299566
1379908
1649474
120831
107
455076
861914
105
978
319458
2173039
2676247
861913
1433993
396811
390846
246875
68288
280472
232244
59739
290180
281119
273135
869806
1937972
2782232
308865
59734
1433995
1778601
28250
501783
34084
1013
59735
237
52959
1016
76831
292691
363408
286104
252356
104267
252306
111500
153265
104264
225842
290174
2058174
291183
261827
326319
221065
112040
527198
143222
336276
393005
83612
417127
2715289
178469
2045416
2049301
1649495
1518147
283735
1209327
1287916
358023
343334
1535231
1176327
444459
379070
762641
379068
244698
389486
1204360
2700084
216431
49277
444051
34098
267986
2828338
332102
1940138
336809
1755829
2812019
79328
398041
354354
1860196
2698688
379899
649461
1769012
1874621
1004301
649460
28453
84567
423349
1649482
376469
1773450
929509
239759
816
838
577309
1283313
2815786
1918540
2518495
195950
375288
909656
836
307628
294702
156973
574697
283168
397864
1348911
346096
2760873
1970191
1471399
1193324
2060722
29549
146919
2349
1007
256319
274493
1101
100715
1134403
795750
1457365
861299
2646123
173480
1379270
833
459349
1855912
2602070
1617967
682795
1198114
926566
1592106
401053
240015
2763107
204669
2703788
2763071
2211140
234267
1473598
981222
981385
42253
1325564
1936990
1715989
180
178606
1660083
2715679
906968
545694
2766701
2787628
1539298
120683
545695
138851
69713
744872
869209
999434
999432
999426
744515
58231
409322
162
221027
869211
665571
889378
158189
760011
158190
573413
1307761
2518645
252967
1313291
47466
143
1293575
1104446
445985
476212
29518
29519
408139
28183
2564040
145259
211880
57678
214675
312175
174
28184
1137606
869212
759914
1161918
1045858
159
1287055
526224
651822
525903
926567
584708
1197717
885272
891968
572547
580340
2026885
2093823
1332188
1551504
2715734
1408159
1157948
126738
126740
1157947
1408160
590168
2336
390874
1123384
688269
771875
381764
310769
2423
2814656
46541
484019
1236046
660470
521045
1330330
443254
1006576
2108365
403833
1441386
381751
75906
638303
224324
608538
1632019
380749
436114
204536
123214
1298851
648996
868864
2047767
1936021
667014
2234087
795359
289377
1653476
76859
76857
76856
155615
856
143387
2663009
2764326
671211
1307443
469616
469617
469615
572544
712368
1785996
712357
157687
109328
523794
157691
157688
554406
526218
34105
157692
187101
880073
653733
139438
522772
717231
768670
639282
1408281
1408204
445932
515635
309799
693075
309798
1235284
1235283
716546
4891
34346
5267
162474
5234
6033
89593
423054
5820
5864
5873
340080
38748
33847
227086
1286322
5690
2898
464988
55529
5782
5741
2642239
337243
29284
2247
2703941
2743088
2634974
755307
1048396
1547898
660522
1816183
35746
2252
2246
114529
699433
2629969
60847
293091
2055893
869886
1198301
869889
2634096
416273
2257
2624677
1932004
2238
51589
2610901
57705
430914
146826
2621901
2648975
1457250
1407499
2668073
2242
2639520
2643768
413810
2648404
1873524
1604004
2583824
2631942
62320
588898
2675099
370324
2622230
69525
88724
69527
2633955
387341
745377
2044521
387343
2621923
29288
229731
348826
61858
13769
353800
44930
2209
1715806
2208
418008
2644672
38027
2214
2210
170861
2215
39669
2177
39664
2176
2226
29291
101192
536044
2322
301375
2224
2223
2198
83986
2201
54120
2315
358766
882104
475088
83984
2203
570267
1175445
1175444
122420
2016361
246969
2016373
2008440
1042877
2598455
1674923
1293037
195522
72803
163003
1432656
49899
523850
277988
71998
54077
2586643
53952
593117
187880
69014
1505907
1712654
391623
71997
523849
582419
54262
604354
529709
1609559
2261
272844
70601
1183377
1343739
2638681
230361
83816
2173
294671
2162
877455
118062
868131
59277
2643926
2317
2631116
145262
145263
1301915
67760
73913
2641196
2190
83171
2189
39152
42879
2187
2188
155863
2624956
387631
1344584
693661
572546
113653
589924
190192
1937004
1937005
1353260
1826872
1798806
497727
1459637
1034015
2045011
1470066
1470067
1229908
1959104
1229909
2508726
1580092
436308
1582439
2259673
1898749
1603555
2259672
1846278
1903276
1410606
1874277
1104324
121277
70771
181486
13773
2277
184117
2271
985052
164451
76887
2269
2620628
1365176
1550241
2641160
43080
2285
312539
282676
41673
2283
563177
79601
1532350
1006005
1670455
1294262
111955
69656
2287
41675
160233
54259
1200300
56636
229980
54254
2275
94694
2280
84599
1273541
54252
54248
2635519
242703
683846
374847
1291540
1406512
1577791
273075
273116
333146
74969
1673428
263820
673860
439481
2594042
2282148
1920749
2182360
2794947
2591211
279303
1524882
2250335
2601610
981330
1647304
1838062
658401
2713262
754070
754066
691963
1664246
1647476
1647470
10702
2126925
1327959
1527493
1109711
416419
1647474
2250336
2794946
1647305
1647309
504346
322855
12417
2517971
2656534
1445727
1414737
2656526
1821559
573591
1414742
1838081
1838072
909297
906669
2656582
2599838
2591132
1821553
2250352
2283267
294631
754044
753085
2729575
45764
1589748
59241
1964565
1647471
753084
747763
1647475
2026102
2315217
1690818
1109713
2507858
1105171
2759389
2099336
319522
1982746
1982747
2301302
2562717
1195070
861044
1034114
1993872
2315863
1982898
1982900
1623295
1982897
1982899
2562661
1089111
1041807
1993873
1211282
28369
540068
1225862
2003504
205870
1993867
1993865
1034108
1993863
2733152
2733154
2733155
2733153
1982880
1982881
1982895
1982879
2562663
2560504
2562660
1089120
2700041
1983734
2169636
2169635
2734236
1982358
1982357
2306284
2560784
2560783
1211643
2734266
2734267
2169634
2169633
2560847
2560848
2560688
2570373
2201169
2520510
2762717
2560786
2734229
2201166
2734288
2734264
2734268
1982098
2170253
2170254
1982375
2315855
2560359
2560487
1623301
1983744
279383
462590
2734226
2734242
1089135
2267238
1776684
2734255
2734215
2201441
2182400
2169812
205872
2734258
2744481
2169611
1982570
1982151
2744421
2560485
1982080
2171586
2560588
2560498
2560505
2560501
2560594
2560590
2560792
2734219
2734213
2560303
2733156
2734279
2560395
2734284
2734280
2734281
2734216
2734218
2560506
2169613
2560407
2734250
2169652
2169870
2169872
2169655
2734247
2734243
2560595
2733160
2560150
2560388
1982088
1910991
1910993
1623292
1623293
1982229
10719
225588
2734239
2234106
2560499
2734241
1954378
2560592
2560491
2734248
2560782
2734251
2734252
2560111
1909389
1982087
2560785
2734237
2734292
2734230
2560721
1921125
235201
2734217
1920751
2560596
2734214
1982369
2731208
2560514
329254
2560625
1982265
1982091
1982567
2734263
2734277
2005060
2448213
2169654
2734276
2734274
1982563
1982561
1109716
1982225
546805
1007869
1503929
2593333
2201420
1150991
1173297
238854
1161927
2713256
754075
2547425
1127516
1079999
573172
1864622
1880590
536466
458639
1560342
2767579
2749430
1279082
2588520
2596673
1493513
1892568
10663
227470
1913652
1914165
1198137
1913650
1913654
1913653
2733081
2732982
2733083
2732974
2734129
2594900
1980923
1133560
2006134
1980948
1980951
2560301
2508196
1914850
1914851
2734081
2734080
2560286
1918726
2560443
2560671
2560543
2560666
2560665
1231361
2560682
2738809
2560261
1984784
2733117
1980937
1980925
1980926
2560751
2560849
1980944
2733109
2734085
1912143
233894
2734083
261726
499235
2752794
2560463
2733099
2734096
2734089
2734123
2560406
2560700
2560400
2560834
2734116
2560336
2560435
2752533
1985293
1984796
1198980
1984773
431894
2734141
1084719
2734153
2169883
2594891
2752797
2733136
1921409
1636617
2708562
2053723
1188795
2725606
2590948
2713257
179237
2315703
2182408
1978007
1131315
2079289
2053813
1881383
2316154
2596674
1051675
1563661
373126
242527
644524
1195073
1136535
2529391
2734159
2169963
1982578
484895
1922330
2560611
1920762
2732683
2732688
2732684
2732929
2732931
2732932
2560297
1316739
1161935
1415145
2732921
2733951
1985736
2733952
438482
2732910
2732913
2732917
2731673
2731677
2733941
2733935
2733922
2560679
2560655
2733965
2733946
477967
2732928
2733932
2733928
2733924
2732939
2733892
2572874
1921016
1985181
1910931
2732968
1857844
2732970
1978922
1636182
2555548
1785960
2267403
2601680
2169532
2169534
2732017
187218
2560156
187217
2026949
1920864
10294
10319
1232637
180255
10365
10397
548689
10358
33706
10375
35249
548688
10379
548687
180230
150286
10401
1349410
1349409
1605721
2107708
2107707
2107709
1450746
1273747
1273752
1273746
1273751
1183239
1678078
1810950
1813598
694581
999883
1421067
308906
10492
10494
10491
2065215
880158
373996
1474867
455364
39420
181082
2501774
212035
985782
1513235
10257
1285599
2733300
10260
10278
10242
10286
2733302
62098
2015370
1146873
129950
1986019
130369
190061
1548417
691961
1154689
1723446
2501931
2499607
2508228
694017
12270
1534544
1041883
1591444
12471
46619
12196
40640
75746
526119
1239577
336962
1516075
35303
1298653
11271
1972611
2560076
186458
1980517
2560196
64293
11085
35279
1985360
352927
1206566
243563
1911600
228582
10988
10882
10985
939922
2169857
1922455
1922821
1922359
1922558
1922542
1923650
1922713
1088890
1608133
1516128
1985188
328670
2011125
10454
10455
166921
10449
1850906
161494
332054
1346829
1307956
28288
447897
10456
74660
307467
51313
56947
307444
204507
2169615
1052159
1513241
1236395
10806
185880
1507401
932070
1985409
2219138
2219133
2734333
300186
2493124
523909
693627
39640
2776735
1529056
258594
1967781
34021
531813
1933911
85701
2259883
2478912
509190
92945
391036
1170710
1429399
312153
1449778
491
1386087
2079596
40214
29447
442694
648691
1284804
2742649
2675711
2742625
2742627
283686
54291
1050617
866768
1502658
199310
2675779
2675773
2675790
2675784
2675780
424718
1758196
470934
1407064
1258543
2518976
571428
1507522
1241832
655384
98795
2518975
2495405
118109
1226343
587
584
582
2053669
1208320
1675689
2785913
1300254
1761891
649161
2752475
2759705
864336
40269
66976
450
1401251
539329
2732590
1125411
1972134
650377
725
262727
115545
716
1433287
731
870
488546
47874
1963032
2107999
1249
271881
1353
29323
2682456
2636055
264691
2596745
2118
141391
2128
2111
2099
142651
45361
171281
2109
42094
216937
2133
219745
158
160
314723
1435045
142
2608247
2761123
1081646
139
1964448
293071
52584
160798
285729
1307442
55802
342949
2627676
2180
43687
2301621
2301561
1131316
1109712
1636200
1458831
578234
2656547
754053
754049
2593268
2591031
2488789
2507854
2719575
2178923
1089121
929835
1109710
2743909
1500757
2743990
1034140
1034136
373405
2560488
2560512
1623277
2022449
1623280
2560484
1982102
2315856
1982109
2170239
329156
2560790
1982560
2169601
2560778
2233782
2560509
1982251
1982559
1982562
2734222
2560589
2560493
1921544
2733215
1623289
2733169
37554
2169871
1982365
2734278
2560683
1921698
2560494
2560387
2734285
2733162
2733220
2734291
2560492
2560703
2560591
40631
2733202
2560333
2560307
1982237
2560158
2734246
2734238
1921548
2734245
1982085
2053812
1235689
2565510
2588517
2699738
680287
186846
338473
2489597
545932
2734160
268747
536444
445686
749413
331278
2589665
1026955
1985325
2734084
680114
2734145
2560833
2734132
2520516
1984777
2734102
2733115
2734109
2752547
2734111
2734147
2560095
680115
2560541
2560689
1980947
1980936
2182344
2734114
2732909
2732924
2560202
2732920
2732938
2732930
2733919
2732691
2732686
2733959
2733895
2733957
2731937
2733925
2733949
1985730
347327
1922327
1857845
2419930
2650877
2169688
2738376
2732038
2732013
2733996
2733975
1920865
180252
317878
389214
1675866
1675865
1962501
1580580
268591
2169746
36355
1986290
362830
1903266
1273749
425386
1685747
346674
2023057
2035708
113366
2733299
2005509
10497
1146877
130308
696859
1282967
326574
1501716
72750
1514896
1296569
333347
1172985
1249508
1299311
471717
2507291
11572
92444
1648481
32624
40666
2219105
1670669
10892
1923674
1923667
1923210
1922536
1922905
1923464
1532180
107324
1181310
1246650
1891774
2747317
2734334
1977412
10484
342409
1580591
1933910
283165
2630218
35806
451514
1977864
28090
83617
2675713
1463165
1703250
2683822
2233553
2814546
991915
2675778
2675776
614
630
1241884
1241859
98793
204039
1905730
114185
651
1300256
247523
29494
1208308
1304890
729
1261126
85404
1263829
463
263
1085647
97084
285530
543886
2767881
2490633
28033
31899
33037
29559
45363
984991
142650
545776
141
1408429
1674146
508536
176
860
1307444
224325
498374
200415
46632
74968
2557554
1589297
1141137
1162304
2734260
2560684
1984798
1922329
1647473
1805457
2652415
2656540
2419978
1755689
1587907
1051143
1089128
1983735
2049886
1623288
1982268
1982557
2744423
2733196
2283289
2734272
2733208
1982360
2734286
1982239
2733171
2560486
1982076
1623285
1623284
1623283
1921545
1299429
1623302
1913591
1283076
1498228
115991
1985329
2169882
1914852
2560542
2560628
2560629
2734150
2734122
2752521
2560337
1980950
2733124
2733128
2734140
2734142
2734078
1915205
1622234
2733917
1985711
2169536
508441
38062
1653395
2501997
2733246
2501963
2508227
12844
1323525
64310
2083198
2170544
977913
1678168
327108
10911
1923125
1923075
1922352
1923262
1922750
1923566
1922770
1922928
1922376
1100043
1262530
566270
1307954
320432
166056
10506
46021
10487
113370
10282
129955
1146875
714310
1546257
2065054
33047
595605
1085
486
2578110
413503
585034
2675793
624
553
552
261318
642227
579405
636
2676541
314275
166935
2014742
672
622488
228400
1433513
1754
2112
33925
168
29520
290434
173
2676525
2625095
1128108
2316
2510508
2126933
370623
2283265
2662138
1327970
10704
1981049
2560214
1921712
2733195
1982089
1982108
2734244
1993859
2560360
2562522
2041855
2733201
2734283
1913112
1273755
2732976
417280
1984783
2599764
754052
329158
1982590
1982576
1911929
1918721
2731621
2560546
1920860
1920866
58094
1987479
208013
558017
1590154
1930507
108098
298334
1986022
2560080
294365
336476
10912
1740646
2747320
1654582
2578113
935547
281
2740297
1224746
1468409
1281885
528354
644357
115714
1420012
1463164
640131
2742646
2566012
2697370
2742641
2742674
290339
2799495
404399
930406
941323
2810408
2675781
2675783
2675789
373383
1282357
1454377
1839800
657335
634499
1265350
2518980
2518979
2518977
1921549
634503
529507
2661587
646
529120
2601269
693973
1312369
1315275
1420885
434922
1293501
1321945
1232659
1334187
754345
1340425
257277
2766470
1917441
2633649
1612150
57372
2097
171632
216938
216935
2136
85632
999431
1291379
161
1293576
412419
1328311
62088
498741
1042417
1133568
309803
1123383
416591
1462747
1176423
2652414
2591131
2041344
2315704
1572712
2656542
1414739
1147137
691966
864178
2783540
1109717
2725614
756275
2743924
871584
2494563
2315475
2301714
2283303
2218618
2079417
2072797
1983555
2599852
1647472
2656532
437329
255431
52979
447909
1034133
1211281
205868
2734223
2734225
205879
1034111
2734253
2734227
1910992
1982078
1982084
2734221
1982096
2560789
1981048
1982373
1982569
2734256
2734282
2560502
2560298
1982238
2560489
2560503
2560490
2560511
2560705
374422
1982364
2560729
2560608
1982148
1982554
1982370
1982107
1982240
1982241
2734261
1188794
2734231
2560500
1982368
2050979
1982218
1921130
1982111
1273742
1493509
382359
925984
1262527
2023998
2508071
2419618
33771
2202564
1567013
1883368
1278479
1340810
1035662
2767570
279006
2006139
2560305
2201163
2560131
2732987
2732985
1198140
1985292
209052
2560302
2562722
2560831
2560673
2734115
2734106
2752534
2560434
2734128
2734156
2560676
2560283
2560244
2734144
2734095
2752535
2738374
2734127
2560495
1980945
1925779
2560545
2560269
2560154
1417599
2108116
2590877
1054968
2583039
2604899
754069
279280
2169962
2734189
2734190
2034348
2560658
1917990
2560160
857474
857312
2510943
2732693
1985720
2732695
2732692
2732681
2732687
1920774
2732912
1197951
1273711
2731674
2733939
2733954
2731928
2560112
2732016
2560180
2686437
1527770
2731624
1564096
2734034
2734043
1981042
2560227
2734030
2734031
2732960
40272
85655
1513231
262177
490711
46015
1642929
46242
98383
2072024
1986291
262175
249151
130556
712037
1262528
1273748
1859492
1685755
1868621
40070
322019
381899
37665
1586712
130309
190064
1534553
2169699
2049890
1714273
693995
2499605
2508240
1534549
1511783
1089138
1027947
187978
373398
1872708
11103
11082
229030
1416026
185955
48543
656190
103722
1871631
37206
328429
1921557
2560069
186536
1435457
2560074
1980421
10979
699182
2560291
271257
1923685
1922874
1922598
1923132
1923357
1923219
1922492
1922614
1923261
1923778
1922722
2219106
1849543
862943
1561150
153135
128941
526476
223313
858516
134681
223321
1985421
2169869
345249
934804
935650
333750
333938
1519097
10869
1385657
1351702
315953
2054610
176106
858422
364410
242231
2742677
28141
54736
2778654
2675796
66269
667120
1157951
187493
43657
190893
80852
1434214
732
697331
2732587
34067
191291
920
191303
140
521010
2175
2599848
1195075
2734254
2448216
2169705
2734270
2560706
2560791
1918720
2749260
1309583
1920764
2734188
1987939
1883365
2006136
2560306
2560685
2733139
2734157
1273750
325348
153057
1653394
371833
152217
12163
343865
1923108
10265
181084
1962299
208973
1460070
1985403
693629
2072209
68242
1923
197614
2749962
224911
2740298
1225179
90322
770
1262456
360910
341029
2743971
2781976
2742629
2500543
83333
696406
1401688
2773707
2778657
1045010
1906660
2675786
150052
1660040
1223572
1263550
1160720
287094
332186
747457
383749
209841
47735
1155096
1437364
1545835
2608321
335797
1445858
2591212
2250371
1887644
1538804
861045
1034152
1056831
1032892
2003502
1993884
1034150
2594692
2170234
1034100
1034099
1982261
1982276
1982363
1623300
2560124
297254
2560787
1982081
1229760
2024252
2696379
260149
1913651
2732981
1984778
244310
2734088
2560436
2560086
2734105
1984787
1980942
1526550
1529058
1406780
1920761
1918522
1987150
2184035
2734191
2560335
298338
2510942
110456
2732694
2732685
2732677
2733964
2732925
2732927
2732933
2733899
2733927
2733956
2733889
2733931
2560189
2732966
2733997
1262513
59376
307454
1234888
358403
10275
2170002
346173
1193420
130327
513550
2508210
2499606
1714618
310907
1493858
1714570
2058620
32619
39718
1868215
937809
1527523
2169998
11041
2170081
2170088
59563
349681
759389
1662464
321302
31559
1923558
1923406
1923421
1923152
1923549
1500865
1891766
1513243
2747318
419435
53988
2012640
687341
2065056
10479
1123964
