"","vcXtM2TOMPOOB050180.extra.kraken2.report","iYASM2TOMPOOA050195.extra.kraken2.report","XR8LM2TOMPOOB051125.extra.kraken2.report","TECcM2TOMPOOA051310.extra.kraken2.report","FvY2M2TOMPOOB051329.extra.kraken2.report","abKIM2TOMPOOA051320.extra.kraken2.report","cuu6M2TOMPOOB051315.extra.kraken2.report","s9OmM2TOMPOOB051285.extra.kraken2.report","Nm8MM2TOMPOOA051300.extra.kraken2.report","IGpcM2TOMPOOB051290.extra.kraken2.report","a50wM2TOMPOOB051350.extra.kraken2.report","OeS0M2TOMPOOA051355.extra.kraken2.report","dSz8M2TOMPOOA051340.extra.kraken2.report","nG3jM2TOMPOOA051345.extra.kraken2.report","nodos","degrees","closeness","betweenness"
"1479019",7.04248888719126e-05,8.85098490794751e-05,7.71253729833611e-05,6.33985177247969e-05,7.66004517064522e-05,7.52918000143497e-05,8.14640340206339e-05,9.40178766779045e-05,7.55032401993463e-05,6.79286829536333e-05,6.98186033644663e-05,7.30881758731287e-05,7.39108660442013e-05,7.10596429931599e-05,"v_189",42,2.20570395041578e-05,1571.71430459816
"299262",9.96691223865204e-05,0.000125351512148089,9.27190276302702e-05,0.000112063577105099,0.000120805998726475,8.76928023696544e-05,8.92971142149256e-05,0.000115687424462403,0.000124802414682449,0.000103238146865175,0.000111973231810936,9.1421330356355e-05,0.000103538928725713,0.000101399715282374,"v_684",25,2.09156888582125e-05,3688.07384568666
"1858609",0.00010325004893933,0.000108278546335805,0.000100305129890929,9.59907134565586e-05,0.000163661758051231,9.16788388410023e-05,0.000102613350545222,0.000152385852161957,9.50452553097654e-05,7.93622236487993e-05,8.73830318838289e-05,9.48435191932239e-05,0.00011022913642799,0.000208388391249604,"v_827",30,2.09253175416937e-05,3285.61855182744
"1658672",0.000155173483955062,0.000147815940848463,0.000131913889310339,0.000128136440753639,0.000151176221870003,0.000122238451788003,0.000134337325332103,0.000153434378667658,0.000149674070277528,0.000109627478430121,0.000141393649580869,0.000138354205833414,0.000119149413364359,0.000134135056436527,"v_880",28,2.08328993145976e-05,2425.64785243783
"2202141",0.000132494282453937,0.000143772343682396,0.00011041993290514,0.000111170640235735,0.000138690685688775,0.000119138201199177,0.00010848816069094,0.000129318269036523,0.000114143133713129,0.000110636320256165,0.000106703903255128,0.000117332188692648,0.000105131835321493,0.000113376059607064,"v_1223",23,2.0715513848321e-05,2190.79713911413
"658630",6.7142372865171e-05,8.22198090433703e-05,7.29108717274398e-05,7.05420126797035e-05,0.000119456211031207,8.50354447220891e-05,7.40226078360568e-05,0.000106250685911089,8.39418376333909e-05,6.12030707800062e-05,9.87999104214146e-05,6.08660728843112e-05,5.54331495331509e-05,0.000143716131896278,"v_1306",50,2.12120569331608e-05,3712.57900075007
"1881017",6.47550884966315e-05,6.55961318050932e-05,6.4481869215597e-05,6.92026073756585e-05,0.000123505574117011,6.42194764828277e-05,7.12810297680547e-05,0.000112192336110065,8.39418376333909e-05,5.51500198237419e-05,8.25528140410042e-05,5.8666094346324e-05,6.84949836185486e-05,0.000149305092581134,"v_1310",71,2.14431221185805e-05,3211.00986124135
"2054919",3.46156233438215e-05,4.44795688267413e-05,4.34093629359902e-05,4.19680328600768e-05,6.47898093728583e-05,4.78324376561751e-05,4.89567512143233e-05,5.6620431307883e-05,4.66343542407727e-05,2.82475711292336e-05,4.83021784282471e-05,4.10662660424268e-05,4.04598275328171e-05,7.18580659481392e-05,"v_1325",47,2.18402603359032e-05,785.547823865189
"2774873",5.01329717393276e-05,4.40302802527338e-05,4.2987912810398e-05,6.69702652022502e-05,8.53740717256934e-05,3.85316858896966e-05,4.46485571074628e-05,7.51443995752769e-05,5.95143187453671e-05,3.49731833028607e-05,7.28923783553547e-05,4.44884548792957e-05,3.79111769795687e-05,0.000127747672796692,"v_1326",74,2.19327104443567e-05,3638.46223364438
"2219057",2.86474124224729e-05,2.65080258664418e-05,2.78157082890811e-05,2.72345745155817e-05,4.04936308580364e-05,2.30304329455658e-05,3.44655528548836e-05,3.14557951710461e-05,3.28661163220684e-05,2.18582395642879e-05,3.16159713348527e-05,2.68886265753985e-05,2.51679242133271e-05,4.63085313888008e-05,"v_1337",34,2.19408912390021e-05,825.43426345317
"1898684",1.67109905797759e-05,2.47108715704118e-05,2.48655574099361e-05,2.23234217340834e-05,0.000153538350336721,1.90443964742179e-05,1.48828523691543e-05,7.9338505598083e-05,3.33102530291234e-05,1.7150311042749e-05,4.47892927243746e-05,2.00442489016607e-05,2.89909000431996e-05,0.000130941364616609,"v_1340",31,2.1374829001368e-05,737.969376729181
"2590776",2.08887382247199e-05,2.96530458844942e-05,2.02296060284226e-05,1.69658005179034e-05,2.83455416006255e-05,1.46154670616091e-05,2.03660085051585e-05,3.00577598301107e-05,2.66482024232987e-05,1.88317140861558e-05,2.28337570751714e-05,1.80887124234499e-05,1.52919033194899e-05,3.99211477489662e-05,"v_1346",32,2.20887082523414e-05,1720.40224029387
"2774459",2.38728436853941e-05,3.6841663068614e-05,2.31797569075676e-05,1.96446111259934e-05,3.61068208484158e-05,2.52448976518702e-05,2.89823967188794e-05,2.86597244891754e-05,2.79806125444636e-05,1.84954334774744e-05,3.86417427425977e-05,1.9555364782108e-05,2.54865055324832e-05,4.71069543437802e-05,"v_1349",33,2.20346825903973e-05,3515.49081253978
"200450",7.51994576089915e-05,6.55961318050932e-05,7.16465213506634e-05,7.81319760692919e-05,0.000104608546383261,6.3333690600306e-05,7.40226078360568e-05,9.61149296893076e-05,6.52880959370818e-05,5.51500198237419e-05,8.38701461799564e-05,7.55325964708922e-05,6.21233572354278e-05,0.000120561866201878,"v_1432",34,2.09801946962068e-05,2894.24527105001
"183795",4.6850455732586e-05,5.4363917454906e-05,5.85815674573071e-05,6.02732386820252e-05,0.000116419188716855,4.11890435372619e-05,4.85650972046087e-05,0.000102755597558751,5.24081314324874e-05,4.70792852153894e-05,8.47483676059245e-05,4.25329184010849e-05,6.46720077886761e-05,0.000145312977806237,"v_1435",50,2.11295877617428e-05,2483.02229471743
"29442",5.31170772000019e-05,4.35809916787263e-05,3.41374601729631e-05,5.00044646843468e-05,7.22136416968316e-05,4.4732187067349e-05,4.38652490880336e-05,5.55719048021815e-05,3.46426631502883e-05,4.37164791285759e-05,5.31323962710718e-05,4.27773604608613e-05,3.59996890646325e-05,6.54706823083046e-05,"v_1437",20,2.1308785612308e-05,153.790130356482
"75588",2.05903276786524e-05,1.88701201083145e-05,2.19154065307911e-05,1.87516742566301e-05,3.340724545788e-05,1.81586105916961e-05,2.03660085051585e-05,2.90092333244092e-05,1.77654682821991e-05,1.47963467819795e-05,3.02986391959005e-05,1.83331544832263e-05,1.84777165110503e-05,3.75258788840283e-05,"v_1442",23,2.16628395650102e-05,2027.24289952329
"1691904",4.08822448112374e-05,4.08852602346814e-05,4.2987912810398e-05,4.77721225109385e-05,0.000156237925727257,3.63172211833922e-05,4.0732017010317e-05,0.000120580548155677,4.79667643619377e-05,3.66545863462675e-05,8.73830318838289e-05,3.37330042491363e-05,5.67074748097751e-05,0.000198008892834873,"v_1498",62,2.11353933296699e-05,1888.33939389023
"1853130",4.32695291797768e-05,4.71753002707862e-05,3.87734115544766e-05,5.17903384230735e-05,7.35634293920995e-05,4.8275330597436e-05,4.58235191366066e-05,5.48728871317138e-05,4.0416440342003e-05,3.90085506070369e-05,6.63057176605938e-05,4.96217381345991e-05,3.53625264263204e-05,7.50517577680565e-05,"v_1503",35,2.1661901048436e-05,2695.17571088534
"1434072",5.99805197595527e-05,5.03203202888386e-05,3.45589102985553e-05,5.08974015537102e-05,8.13247086398898e-05,3.36598635358269e-05,4.66068271560357e-05,8.3882120456123e-05,4.88550377760476e-05,4.16987954764878e-05,7.42097104943069e-05,5.18217166725862e-05,5.03358484266543e-05,0.00011816659733694,"v_1507",47,2.15072264280798e-05,3551.5106414629
"1073999",2.92442335146078e-05,3.81895287906365e-05,2.57084576611204e-05,2.85739798196268e-05,2.96953292958934e-05,3.01167200057399e-05,2.89823967188794e-05,2.726168914824e-05,2.57599290091887e-05,2.65661680858269e-05,2.67857534920279e-05,2.54219742167404e-05,2.48493428941711e-05,3.83243018390076e-05,"v_1829",20,2.2447192978518e-05,3147.28068614829
"2666185",0.000139656135559556,0.000129395109314156,0.000115477334412246,0.000127689972318957,0.000132279194136252,9.21217317822632e-05,0.000108096506681226,0.000120930056990911,0.000115031407127239,0.000102901866256494,0.000100556353273351,0.000111710021317792,0.000120105157321827,9.42139086875603e-05,"v_2182",27,2.11295877617428e-05,2110.89375378454
"2661612",3.6406086620226e-05,5.12188974368536e-05,3.24516596705946e-05,3.83962853826234e-05,5.26417201154473e-05,4.60608658911316e-05,4.42569030977482e-05,4.92807457679723e-05,4.1748850463168e-05,3.63183057375861e-05,4.25937391594543e-05,4.37551286999667e-05,3.37696198305402e-05,5.18974920736561e-05,"v_2862",32,2.24185087207999e-05,3433.38202322508
"1894",6.5053499042699e-05,8.53648290614227e-05,9.48262782582309e-05,6.78632020716135e-05,7.12013009253807e-05,9.03501600172197e-05,0.000101046734506363,9.01732794903322e-05,8.74949312898307e-05,5.95216677365995e-05,6.85012712255141e-05,8.67769312206043e-05,4.46013846818456e-05,3.59290329740696e-05,"v_3143",111,2.14449615062941e-05,1773.24920015102
"300019",2.29776120471918e-05,2.42615829964043e-05,6.32175188388206e-05,2.85739798196268e-05,3.91438431627685e-05,3.23311847120443e-05,4.62151731463212e-05,3.66984276995538e-05,3.28661163220684e-05,2.82475711292336e-05,2.28337570751714e-05,2.9333047173162e-05,2.86723187240436e-05,2.63479575143177e-05,"v_3167",26,2.23498647833181e-05,3367.71575464956
"256701",3.19299284292146e-05,4.17838373826964e-05,5.18383654478329e-05,4.37539065988035e-05,4.72425693343758e-05,4.87182235386969e-05,4.0732017010317e-05,5.6620431307883e-05,5.81819086242022e-05,4.40527597372572e-05,3.11768606218686e-05,3.76440772055579e-05,2.89909000431996e-05,1.51700361446072e-05,"v_3257",41,2.23863890754421e-05,3940.63770334163
"1630135",7.16185310561824e-05,8.13212318953553e-05,6.49033193411892e-05,7.41137601571569e-05,9.34727978973007e-05,6.86484058954365e-05,8.22473420400631e-05,6.43096256830276e-05,8.52742477545558e-05,7.53268563446231e-05,5.84017248268806e-05,6.03771887647585e-05,7.00878902143288e-05,5.03006461636975e-05,"v_3327",41,2.18914185639229e-05,1260.20778201209
"83262",8.05708474382051e-05,9.92927748556548e-05,0.000123063436672904,0.00010179480310742,0.000111694931783417,0.000116480843551612,0.000130812439244672,0.000137007463411668,0.000139903062722318,0.000102901866256494,9.92390211343986e-05,0.000101443454807185,0.000100034534214997,8.30359873178498e-05,"v_3429",116,2.07585161812634e-05,3103.61300398042
"441500",8.59422372674188e-05,0.00010737996918779,0.000115477334412246,8.97401553710153e-05,0.000105958334078529,0.000107180091785133,0.000125720937118382,9.15713148312676e-05,8.48301110475009e-05,9.04594837352839e-05,8.43092568929404e-05,8.82435835792624e-05,9.01585133211593e-05,8.14391414078911e-05,"v_3484",95,2.1394493057487e-05,3896.27436069486
"43771",4.80440979168557e-05,6.15525346390258e-05,6.86963704715184e-05,6.92026073756585e-05,6.54647032204922e-05,7.66204788381324e-05,7.87224559526318e-05,6.04650284954553e-05,5.41846782607074e-05,6.62472799102265e-05,5.75235034009125e-05,6.25771673027457e-05,5.54331495331509e-05,5.03006461636975e-05,"v_3492",32,2.13142357780762e-05,1487.49500100106
"43770",3.55108549820237e-05,3.8638817364644e-05,4.88882145686879e-05,4.33074381641218e-05,5.43289547345322e-05,5.31471529513057e-05,5.0131713243467e-05,5.38243606260123e-05,3.46426631502883e-05,4.03536730417624e-05,4.56675141503427e-05,3.86218454446633e-05,3.05838066389798e-05,2.87432263792557e-05,"v_3499",26,2.23094770658576e-05,745.299634755353
"203263",2.4469664777529e-05,3.32473544765541e-05,4.08806621824373e-05,3.52710063398518e-05,3.91438431627685e-05,4.11890435372619e-05,3.75987849326003e-05,3.56499011938523e-05,4.0416440342003e-05,3.02652547813218e-05,3.82026320296136e-05,3.07996995318201e-05,2.58050868516392e-05,1.99605738744831e-05,"v_3504",38,2.24714051369632e-05,1153.8772909542
"2609299",3.40188022516866e-05,5.21174745848686e-05,6.02673679596757e-05,5.04509331190285e-05,5.46664016583492e-05,5.35900458925666e-05,5.28732913114691e-05,4.54361485804e-05,3.55309365643983e-05,4.80881270414335e-05,2.81030856309801e-05,3.59329827871235e-05,4.23713154477533e-05,3.83243018390076e-05,"v_3746",28,2.2306491188936e-05,2729.12197601921
"35760",0.000103548459485397,0.000142873766534381,0.000124327787049681,0.000124118224841504,0.00013700345106969,0.000128438952965655,0.000134337325332103,0.000120231039320443,0.0001114783134708,0.000132830840429134,9.26523604396376e-05,0.000120998819589293,0.000109273392470522,7.98422954979325e-05,"v_3756",88,2.09323257907186e-05,2177.18011043313
"1335613",8.50470056292165e-05,0.000102887083447715,0.000100305129890929,9.5544245021877e-05,0.000100559183297457,9.69935541361329e-05,0.000101438388516078,0.000102755597558751,9.01597515321606e-05,9.61762540828669e-05,8.60656997448767e-05,9.65546136116583e-05,8.25125616614143e-05,9.26170627776017e-05,"v_3811",64,2.14573856321346e-05,1910.14851099499
"604330",0.000118170576242701,0.000130293686462171,0.000127699388054418,0.000116081793017234,0.000117431529488306,0.000139954169438438,0.000127679207166955,0.000120580548155677,0.0001114783134708,0.000124760105820782,8.43092568929404e-05,9.65546136116583e-05,0.000109273392470522,9.8206023462457e-05,"v_3823",73,2.07142265307813e-05,567.111745739292
"1871022",6.65455517730361e-05,7.72776347292879e-05,8.21827744904668e-05,8.43825341548353e-05,7.8625133249354e-05,8.59212306046109e-05,9.5563578370359e-05,6.88532405410676e-05,7.77239237346212e-05,7.73445399967112e-05,7.4648821207291e-05,7.21104076340233e-05,5.92561253630234e-05,7.50517577680565e-05,"v_3825",46,2.16108745920947e-05,2890.56907873068
"365617",5.34154877460693e-05,5.57117831769285e-05,4.34093629359902e-05,4.10750959907135e-05,5.26417201154473e-05,5.62474035401319e-05,5.40482533406129e-05,4.78827104270369e-05,5.50729516748173e-05,4.87606882587962e-05,3.95199641685658e-05,4.10662660424268e-05,4.04598275328171e-05,4.15179936589249e-05,"v_3956",26,2.21204680691043e-05,184.191961553713
"2610894",5.31170772000019e-05,4.44795688267413e-05,4.84667644430958e-05,4.73256540762568e-05,5.77034239727019e-05,4.8275330597436e-05,5.0131713243467e-05,5.2076816449843e-05,6.66205060582467e-05,3.39643414768166e-05,4.52284034373587e-05,4.17995922217559e-05,3.31324571922281e-05,3.59290329740696e-05,"v_4325",30,2.27443309755044e-05,1336.24210892283
"2614128",4.65520451865185e-05,7.05383061191756e-05,5.68957669549386e-05,4.46468434681668e-05,5.7028530125068e-05,4.8275330597436e-05,5.60065233891858e-05,5.24263252850769e-05,4.48578074125528e-05,4.40527597372572e-05,5.62061712619603e-05,4.08218239826505e-05,4.39642220435335e-05,3.35337641091316e-05,"v_4353",32,2.29726625315874e-05,3399.206461754
"42837",5.52059510224739e-05,9.0307003375505e-05,6.19531684620442e-05,8.12572551120636e-05,8.19996024875237e-05,7.97207294269585e-05,8.57722281274943e-05,6.85037317058338e-05,6.97294630076316e-05,6.92738053883587e-05,7.20141569293866e-05,6.57549140798382e-05,5.32030802990587e-05,6.70675282182633e-05,"v_4486",48,2.23114680946006e-05,1412.87732431791
"92942",1.19364218426971e-05,3.18994887545316e-05,1.01148030142113e-05,7.50066970265202e-05,6.04029993632377e-05,1.55012529441308e-05,2.23242785537314e-05,1.25823180684185e-05,1.9542015110419e-05,1.34512243472541e-05,1.18559892505697e-05,3.00663733524911e-05,1.01946022129933e-05,4.79053772987595e-06,"v_4623",20,2.31443978984887e-05,2590.50551711758
"2618749",4.41647608179791e-05,8.35676747653927e-05,0.000115055884286654,7.58996338958836e-05,9.65098202116535e-05,8.72499094283935e-05,0.000136687249390391,0.000100309035712114,9.46011186027104e-05,4.37164791285759e-05,9.00176961617333e-05,0.000124421008426162,3.82297582987248e-05,4.55101084338215e-05,"v_4639",25,2.12287182099945e-05,272.352712704022
"980427",0.000128614945355061,0.000155903135180598,0.000144135942952511,0.000143316367532815,0.000185595808099334,0.000138182597673395,0.000160969797992695,0.000151337325656255,0.000159889214539792,0.000134512243472541,0.000140515428154901,0.000141531952610507,0.000133485572726381,0.000148506669626154,"v_4670",39,2.08672426025625e-05,3513.57570439329
"1299",0.000121453092249443,0.000129395109314156,0.000114634434161061,0.00011251004553978,0.000139028132612592,0.000139954169438438,0.000142170405526395,0.000139803534093538,0.000123025867854229,0.000132494559820453,0.000102751906838271,0.000119776609290412,0.000120105157321827,0.00011816659733694,"v_4673",27,2.08641949550377e-05,394.441678385973
"310783",8.02724368921377e-05,0.000119510760685992,9.22975775046781e-05,0.000106259487454237,0.000116756635640672,0.000106294305902611,0.00010927146871037,8.73772088084615e-05,7.68356503205113e-05,7.53268563446231e-05,9.4847914004558e-05,8.21325320848537e-05,7.29551220867331e-05,8.22375643628705e-05,"v_4674",35,2.15480089639717e-05,3171.23491425818
"454171",7.01264783258452e-05,8.71619833574526e-05,6.32175188388206e-05,9.10795606750603e-05,9.54974794402025e-05,7.7949157661915e-05,8.57722281274943e-05,7.33968553991076e-05,8.1277017391061e-05,7.39817339098977e-05,7.50879319202751e-05,7.62659226502213e-05,6.91321462568607e-05,7.02612200381806e-05,"v_4711",41,2.21744240193361e-05,2554.8759810057
"290174",1.55173483955062e-05,2.74066030144568e-05,1.39078541445405e-05,1.339405304045e-05,2.09217092766521e-05,1.90443964742179e-05,1.6057814398298e-05,1.60774064207569e-05,1.59889214539792e-05,1.1433540695166e-05,1.44906535284741e-05,1.3933197407252e-05,1.68848099152701e-05,1.03794984147312e-05,"v_4947",20,2.28117800031936e-05,3169.99626793292
"869211",2.50664858696638e-05,2.29137172743819e-05,3.3716010047371e-05,3.08063219930351e-05,3.64442677722328e-05,3.23311847120443e-05,3.68154769131711e-05,3.42518658529169e-05,3.50867998573433e-05,2.58936068684642e-05,2.15164249362192e-05,2.4444205977635e-05,2.58050868516392e-05,2.79448034242764e-05,"v_5110",21,2.25372427937166e-05,805.415843068218
"62320",7.63930997932612e-05,9.07562919495125e-05,8.76616261231646e-05,8.25966604161086e-05,0.000116419188716855,7.26344423667844e-05,8.30306500594922e-05,8.63286823027599e-05,7.95004705628411e-05,8.07073460835247e-05,6.41101640956734e-05,6.7710450558049e-05,6.21233572354278e-05,7.58501807230359e-05,"v_5308",59,2.19452247191011e-05,2965.35575548957
"370324",4.77456873707882e-05,5.5262494602921e-05,5.47885163269779e-05,4.86650593803018e-05,5.97281055156037e-05,6.3333690600306e-05,6.26646415543338e-05,5.6620431307883e-05,5.15198580183775e-05,5.34686167803351e-05,3.90808534555818e-05,4.69328754770592e-05,3.63182703837885e-05,5.50911838935734e-05,"v_5311",38,2.22251855802996e-05,2553.95025453379
"13769",6.83360150494407e-05,8.94084262274901e-05,7.03821709738869e-05,6.47379230288419e-05,8.73987532685953e-05,8.76928023696544e-05,6.85394517000526e-05,7.4794890740043e-05,9.01597515321606e-05,7.59994175619858e-05,6.05972783918009e-05,6.08660728843112e-05,6.75392396610805e-05,5.50911838935734e-05,"v_5327",57,2.17103406352446e-05,1214.25301927504
"1175445",4.058383426517e-05,4.49288574007488e-05,3.41374601729631e-05,4.68791856415751e-05,5.33166139630813e-05,3.01167200057399e-05,3.79904389423148e-05,3.91449895461907e-05,3.24219796150134e-05,3.36280608681353e-05,3.60070784646933e-05,3.25107939502546e-05,2.4212180255859e-05,3.03400722892143e-05,"v_5363",20,2.33165454206305e-05,2510.75962726601
"1826872",7.4901047062924e-05,0.000119960049259999,0.000227583067819754,0.000191088490043754,9.48225855925686e-05,4.11890435372619e-05,8.65555361469235e-05,4.89312369327384e-05,5.46288149677623e-05,3.22829384334099e-05,2.54684213530758e-05,2.46886480374114e-05,4.17341528094412e-05,1.51700361446072e-05,"v_5457",39,2.15810259619742e-05,719.598877852521
