"","X3xfYM2CHIPOOA051365.extra.kraken2.report","jYxWM2CHIPOOB051110.extra.kraken2.report","j1iWM2CHIPOOBXX1561.extra.kraken2.report","X1ayWM2CHIPOOB100705.extra.kraken2.report","oAVVM2CHIPOOB051360.extra.kraken2.report","hoQoM2CHIPOOA051115.extra.kraken2.report","eBCjM2CHIPOOBXX1180.extra.kraken2.report","nodos","degrees","closeness","betweenness"
"1959104",6,4,0,18,6,21,43,"v_5407",48,3.07163042142769e-05,4984.4241929498
"1704499",40,22,21,87,82,115,68,"v_2548",51,3.15935801845065e-05,4915.62506252452
"1385591",124,59,57,216,160,310,145,"v_984",47,2.90157845868152e-05,4834.25168412853
"296842",100,53,55,243,164,427,181,"v_2798",56,2.90410640645873e-05,4774.62848135238
"2358",55,38,21,115,117,190,96,"v_2859",69,3.06870838064259e-05,4715.07865493281
"539",51,46,29,139,128,149,64,"v_1277",55,3.03748253447543e-05,4497.14560388324
"39152",6,3,3,17,7,23,11,"v_5382",55,3.01759256465192e-05,4452.49670778609
"1401",80,41,83,75,136,397,218,"v_3962",53,2.82270584582381e-05,4066.74000849822
"2033438",44,7,6,12,64,40,13,"v_1956",52,3.10761676870008e-05,3512.58301506991
"1580092",6,6,0,13,6,19,39,"v_5410",48,3.0612869650401e-05,3444.59653971561
"404941",95,67,45,263,144,282,213,"v_3394",62,2.8852534695173e-05,2901.83197803555
"2584944",128,80,59,236,166,329,175,"v_1150",57,2.88051618850098e-05,2666.4590713535
"1247726",44,27,20,142,145,139,79,"v_1122",56,3.04794416166296e-05,2612.70534100702
"10454",68,60,0,20,221,413,163,"v_6051",72,2.87034645081661e-05,2552.94098870113
"1874317",35,36,20,120,97,149,69,"v_2374",53,3.02526092875511e-05,1242.99734180524
