"","AJwcM2MAIPOOA100700.extra.kraken2.report","Ia7iM2MAIPOOB100245.extra.kraken2.report","P0ZQM2MAIPOOA100240.extra.kraken2.report","qU3SM2MAIPOOM070605.extra.kraken2.report","c5isM2MAIPOOA070615.extra.kraken2.report","TgLUM2MAIPOOM070620.extra.kraken2.report","nodos","degrees","closeness","betweenness"
"1664069",116,57,82,94,59,83,"v_831",97,3.22310320376458e-05,4104.77139718675
"55211",84,66,61,44,65,76,"v_3320",101,3.21843519680731e-05,4078.00732989255
"859657",25,17,17,13,17,18,"v_2460",93,3.18278748527961e-05,4042.31454587644
"1944646",39,10,18,39,27,26,"v_798",106,3.28806760266991e-05,2618.94054652919
"43988",56,41,26,139,86,53,"v_1456",90,3.24844074844075e-05,2600.68829699947
"2749999",178,124,202,114,146,118,"v_2885",88,3.06616790335439e-05,2544.45014667374
"367190",17,9,0,4,16,7,"v_4984",90,2.97831784608053e-05,1525.29173919786
"2434",182,121,0,0,147,139,"v_2150",92,3.00183111698136e-05,602.987452954338
"588898",635,63,63,76,105,116,"v_4536",157,3.09482545184452e-05,538.061415114693
