"","V2","V4","V14","V21","V5","V6","V7","V11","V12","V13","V15","V16","V17","V18","V20","V10","V19","V22","nodos","degrees","closeness","betweenness"
"540747",1131,1260,920,1106,726,736,606,671,611,653,598,674,866,749,699,953,754,985,"v_ 618",60,5.64302240279894e-05,1461.03629016469
"2643768",459,449,463,494,297,342,172,274,289,257,304,342,370,276,221,379,355,287,"v_ 5302",100,6.38895987733197e-05,1457.40424653256
"2819280",465,387,400,514,272,250,208,322,287,276,237,310,316,233,229,480,340,424,"v_ 2181",60,6.32271117855336e-05,1441.77097839025
"2320867",714,659,1803,639,652,391,281,434,483,466,379,433,1503,548,975,665,480,648,"v_ 1298",52,5.75043128234618e-05,1412.87908189663
"2593973",807,1366,659,745,514,419,529,485,588,502,563,702,747,604,377,653,629,572,"v_ 3309",159,5.66443865412938e-05,1364.7364091045
"1458461",494,393,309,326,330,266,183,266,271,287,232,268,325,244,262,455,298,379,"v_ 289",52,6.37470516988589e-05,1334.88436417305
"2649579",624,990,544,633,450,365,383,395,471,361,451,520,570,480,332,537,462,937,"v_ 3240",112,5.87268029128494e-05,1314.68646828241
"550540",236,291,237,317,168,161,142,176,153,131,152,200,210,187,131,229,165,227,"v_ 2464",54,6.51635605369477e-05,1273.02802691715
"265959",282,285,240,306,207,174,124,227,207,209,201,222,234,207,169,303,230,262,"v_ 526",52,6.48845055800675e-05,1272.33443882858
"1931241",271,275,336,208,165,191,120,162,136,172,140,171,314,174,184,234,146,206,"v_ 1310",60,6.26370184779205e-05,1271.82826676155
"128",929,913,1126,1062,660,446,393,689,450,801,698,769,865,743,541,792,794,815,"v_ 4849",126,5.89171036351853e-05,1254.93680678118
"121292",267,931,252,243,243,135,171,145,317,179,186,287,227,162,129,199,168,175,"v_ 3249",69,6.00096015362458e-05,1196.63335982149
"101571",1220,1143,1012,1310,815,590,521,779,660,605,681,780,830,615,876,1037,885,840,"v_ 899",107,5.67054153671676e-05,1170.8394845937
"125",1306,989,1290,889,970,536,458,670,487,829,419,609,917,712,499,842,557,710,"v_ 4837",100,5.83090379008746e-05,1152.85712301196
"2703788",727,595,765,867,536,324,259,674,405,544,544,534,631,488,3518,728,680,600,"v_ 5074",81,5.7058085130663e-05,1089.59898820114
"179879",930,758,689,973,609,451,317,478,413,443,432,468,545,371,564,747,597,566,"v_ 902",110,5.9890998382943e-05,1008.85387290831
"1661",222,279,219,184,148,144,90,133,164,144,139,151,166,139,114,195,118,150,"v_ 3739",83,6.15422487537695e-05,991.973961856228
"49283",351,337,293,361,202,185,159,280,172,222,246,259,287,248,183,294,302,238,"v_ 3947",103,6.47962159009914e-05,952.073116544922
"85085",465,2299,435,425,377,240,231,279,764,422,499,607,388,332,293,435,384,329,"v_ 3247",105,5.65323082141444e-05,943.808445083368
"656178",743,592,634,702,437,351,306,442,401,351,359,467,520,408,423,710,476,472,"v_ 1010",104,6.15195324515534e-05,933.477350770974
"664962",973,1116,894,1046,656,539,501,611,714,618,538,699,845,707,565,840,583,627,"v_ 484",106,5.79139398853304e-05,917.318063829123
"28450",1102,1090,962,1425,685,580,458,730,572,670,628,730,785,590,1063,940,816,748,"v_ 934",86,5.73263013070397e-05,846.373600737187
"1637853",306,251,207,326,208,139,114,196,162,157,190,207,181,190,218,318,216,211,"v_ 920",56,6.47332988089073e-05,793.958966135545
"145458",178,256,133,177,135,91,86,81,104,102,107,167,115,86,78,121,92,80,"v_ 3181",53,6.00024000960038e-05,789.599993947359
"1761016",643,570,530,737,411,314,277,376,350,313,364,429,469,331,527,600,443,372,"v_ 988",68,6.09347388946438e-05,764.607531584929
"364197",310,285,374,256,197,158,138,166,144,145,149,135,372,183,251,215,131,191,"v_ 1487",52,6.18582209575653e-05,708.143417917068
"549",168,250,183,155,118,89,67,84,108,93,104,133,110,100,87,137,101,102,"v_ 2018",59,6.0723828030119e-05,689.210515954155
"46677",153,195,266,184,125,81,75,104,103,91,93,133,230,133,195,163,111,166,"v_ 1511",54,6.16903146206046e-05,682.252146249764
"311180",1128,1224,897,1033,691,747,547,661,595,610,619,652,804,649,592,913,727,952,"v_ 622",52,5.65003672523871e-05,674.521914838458
"126673",677,940,503,707,421,364,526,403,520,412,493,539,553,428,374,489,510,441,"v_ 3385",90,5.63983982854887e-05,580.920816830585
"2509675",467,410,370,812,278,175,175,438,327,270,505,423,308,246,226,338,354,349,"v_ 4709",72,6.30835225839011e-05,546.899206221739
"186192",704,809,727,805,449,425,343,521,514,539,556,617,650,536,460,608,721,623,"v_ 4691",76,5.95876534382076e-05,542.616029250306
"1005039",1033,1086,1060,1253,667,504,446,767,608,738,843,873,858,727,645,990,985,876,"v_ 4711",51,5.6551490131765e-05,501.477425187939
"134537",859,774,838,1074,517,443,321,550,411,615,552,541,650,514,920,698,555,717,"v_ 978",72,5.9070234508831e-05,470.742208548873
"1417228",525,462,418,578,331,287,175,312,294,236,266,282,411,279,452,424,382,362,"v_ 974",57,6.12182430364249e-05,432.0513588849
"2735433",582,500,453,669,382,317,255,379,286,272,354,408,397,292,478,707,348,332,"v_ 966",80,6.08716824933041e-05,389.655355050937
"1353260",325,735,157,295,183,99,124,211,239,199,223,416,226,218,149,253,365,283,"v_ 5459",56,5.86682311528307e-05,74.0057625110803
